k   total_t real_t
100 424020 12393
200 385850 8945
300 384940 8422
400 295810 6363
500 294530 6065
600 390650 8141
700 383470 6239
800 379060 5735
900 369450 7971
1000 294670 5787
1100 402080 5857
1200 391280 8011
1300 368210 7965
1400 359220 5995
1500 393700 5767
1600 403100 5910
1700 403700 5901
1800 330740 7900
1900 381290 5983
2000 363190 5832
2100 335590 5933
2200 342200 5824
2300 360760 5941
2400 375660 5982
2500 378620 6086
2600 378690 5898
2700 372680 5993
2800 381750 6043
2900 379260 6040
3000 402100 5866
3100 388440 5921
3200 406450 5873
3300 401200 5921
3400 402780 7907
3500 402690 5957
3600 367180 7872
3700 377060 7912
3800 375170 7923
3900 371190 5963
