39, 50.000000000000000
39, 50.000000000000000
40, 50.000000000000000
40, 50.000000000000000
40, 50.000000000000000
40, 50.000000000000000
40, 50.000000000000000
41, 50.000000000000000
41, 50.000000000000000
41, 50.000000000000000
41, 49.000000000000000
42, 48.019999999999996
42, 47.059599999999996
43, 46.118407999999995
43, 45.196039839999997
43, 44.292119043199996
44, 43.406276662335998
44, 41.687388106507491
45, 40.036567537489795
46, 38.451119463005192
46, 36.928455132270187
47, 35.466088309032287
48, 34.061631211994609
48, 32.712790615999623
49, 30.789016825453913
50, 28.978376323982619
51, 27.274215969121844
52, 25.670273876409723
53, 24.160656410285821
54, 22.739816528109731
56, 20.974482729770159
57, 19.346195042409882
58, 17.844314324268723
60, 16.459027369737385
61, 15.181282790414308
62, 13.722677236357429
64, 12.404213341717430
65, 11.212426407522409
66, 10.135145412349015
68, 9.161368716814387
69, 8.115528676075824
71, 7.189079244385074
73, 6.368391074066039
75, 5.641390711323706
76, 4.897435319520985
78, 4.251588648300475
80, 3.690912662451551
81, 3.204175523257824
83, 2.725994053049400
85, 2.319174940112280
87, 1.973068281945854
90, 1.645041264602336
366, 0.002012446627110
366, 0.002012446627110
366, 0.002012446627110
367, 0.002012446627110
367, 0.002012446627110
367, 0.002012446627110
367, 0.002012446627110
367, 0.002012446627110
368, 0.002012446627110
368, 0.002012446627110
368, 0.002012446627110
368, 0.002012446627110
368, 0.002012446627110
368, 0.002012446627110
368, 0.002012446627110
369, 0.002012446627110
369, 0.002012446627110
369, 0.002012446627110
369, 0.002012446627110
369, 0.002012446627110
369, 0.002012446627110
370, 0.002012446627110
370, 0.002012446627110
370, 0.002012446627110
370, 0.002012446627110
370, 0.002012446627110
370, 0.002012446627110
371, 0.002012446627110
371, 0.002012446627110
371, 0.002012446627110
371, 0.002012446627110
372, 0.002012446627110
372, 0.002012446627110
372, 0.002012446627110
372, 0.002012446627110
372, 0.002012446627110
372, 0.002012446627110
372, 0.002012446627110
373, 0.002012446627110
373, 0.002012446627110
373, 0.002012446627110
373, 0.002012446627110
373, 0.002012446627110
374, 0.002012446627110
374, 0.002012446627110
375, 0.002012446627110
375, 0.002012446627110
375, 0.002012446627110
375, 0.002012446627110
375, 0.002012446627110
376, 0.002012446627110
376, 0.002012446627110
376, 0.002012446627110
376, 0.002012446627110
376, 0.002012446627110
376, 0.002012446627110
376, 0.002012446627110
377, 0.002012446627110
377, 0.002012446627110
377, 0.002012446627110
377, 0.002012446627110
377, 0.002012446627110
378, 0.002012446627110
378, 0.002012446627110
378, 0.002012446627110
378, 0.002012446627110
379, 0.002012446627110
379, 0.002012446627110
379, 0.002012446627110
379, 0.002012446627110
379, 0.002012446627110
379, 0.002012446627110
380, 0.002012446627110
380, 0.002012446627110
380, 0.002012446627110
380, 0.002012446627110
380, 0.002012446627110
381, 0.002012446627110
381, 0.002012446627110
381, 0.002012446627110
382, 0.001972197694567
382, 0.001932753740676
382, 0.001894098665863
383, 0.001856216692545
383, 0.001819092358694
384, 0.001782710511521
385, 0.001747056301290
385, 0.001712115175264
386, 0.001677872871759
386, 0.001644315414324
386, 0.001611429106037
387, 0.001579200523917
387, 0.001547616513438
387, 0.001516664183170
388, 0.001486330899506
388, 0.001456604281516
388, 0.001427472195886
389, 0.001398922751968
389, 0.001370944296929
389, 0.001343525410990
390, 0.001316654902770
390, 0.001290321804715
874, 0.000020080715545
875, 0.000019285519210
876, 0.000018521812649
876, 0.000017788348868
877, 0.000017083930253
877, 0.000016407406615
878, 0.000015757673313
878, 0.000015133669450
879, 0.000014534376140
879, 0.000013958814845
880, 0.000013137924861
880, 0.000012365309776
881, 0.000011638130639
881, 0.000010953715452
882, 0.000010309549354
883, 0.000009703265375
883, 0.000009132635745
884, 0.000008595563702
885, 0.000008090075792
886, 0.000007614314615
887, 0.000007166532001
887, 0.000006745082587
888, 0.000006348417770
889, 0.000005975080018
890, 0.000005623697512
891, 0.000005292979109
892, 0.000004981709594
892, 0.000004688745216
893, 0.000004413009487
894, 0.000004153489225
895, 0.000003909230831
896, 0.000003679336784
898, 0.000003462962347
899, 0.000003259312457
899, 0.000003067638810
900, 0.000002887237107
901, 0.000002717444467
903, 0.000002557636993
903, 0.000002407227477
905, 0.000002265663243
906, 0.000002089775637
907, 0.000001927542509
908, 0.000001777903837
909, 0.000001639881891
910, 0.000001512574842
911, 0.000001395150874
912, 0.000001286842745
913, 0.000001186942775
914, 0.000001072902259
915, 0.000000969818665
916, 0.000000876639260
917, 0.000000776564209
919, 0.000000687913488
920, 0.000000609382922
922, 0.000000539817219
923, 0.000000468629111
925, 0.000000406828897
926, 0.000000353178553
928, 0.000000300471253
1457, 0.000000776564209
1458, 0.000000745812266
1458, 0.000000716278100
1460, 0.000000687913488
1460, 0.000000660672113
1461, 0.000000634509498
1462, 0.000000609382922
1463, 0.000000585251358
1463, 0.000000562075404
1464, 0.000000539817218
1465, 0.000000508071647
1466, 0.000000478192970
1466, 0.000000450071398
1467, 0.000000423603599
1468, 0.000000398692318
1469, 0.000000375246021
1470, 0.000000353178553
1471, 0.000000332408828
1471, 0.000000312860530
1472, 0.000000294461828
1473, 0.000000277145117
1474, 0.000000260846767
1475, 0.000000245506890
1475, 0.000000231069121
1476, 0.000000217480408
1477, 0.000000204690820
1477, 0.000000192653362
1478, 0.000000181323803
1479, 0.000000170660513
1479, 0.000000160624310
1969, 0.000103147157486
1970, 0.000101084214336
1970, 0.000099062530050
1970, 0.000097081279449
1971, 0.000095139653860
1972, 0.000093236860782
1972, 0.000091372123567
1973, 0.000089544681095
1973, 0.000087753787473
1973, 0.000084278737490
1974, 0.000080941299485
1975, 0.000077736024025
1975, 0.000074657677474
1976, 0.000071701233446
1976, 0.000068861864602
1977, 0.000066134934763
1977, 0.000063515991347
1978, 0.000059780742928
1979, 0.000056265156997
1980, 0.000052956315645
1981, 0.000049842060634
1982, 0.000046910948733
1982, 0.000044152209659
1983, 0.000041555706514
1984, 0.000038329660555
1985, 0.000035354058479
1986, 0.000032609457868
1987, 0.000030077925652
1988, 0.000027742920941
1989, 0.000025589186941
1990, 0.000023602651275
1991, 0.000021770334027
1992, 0.000020080262939
1993, 0.000018521395180
1993, 0.000017083545193
1994, 0.000015757318145
1995, 0.000014534048544
1996, 0.000013405743613
1997, 0.000012365031070
1998, 0.000011405110956
1999, 0.000010519711207
2000, 0.000009703046670
2001, 0.000008949781304
2002, 0.000008254993313
2003, 0.000007614142993
2004, 0.000007023043063
2004, 0.000006477831307
2005, 0.000005974945344
2006, 0.000005511099343
2007, 0.000005083262560
2008, 0.000004688639535
2009, 0.000004324651820
2010, 0.000003988921142
2011, 0.000003679253854
2012, 0.000003393626608
2013, 0.000003130173130
2014, 0.000002887172030
2015, 0.000002663035553
2016, 0.000002407173219
2017, 0.000002175893934
2019, 0.000001966835779
2020, 0.000001742306489
2022, 0.000001543408929
2025, 0.000001367217040
2026, 0.000001211138798
2028, 0.000001072878076
2029, 0.000000950400869
2031, 0.000000841905369
2033, 0.000000745795456
2035, 0.000000660657223
2036, 0.000000585238167
2038, 0.000000518428771
2039, 0.000000459246177
2041, 0.000000406819727
2302, 0.340259845428606
2303, 0.320249844438641
2304, 0.301416591586893
2305, 0.283690884668851
2306, 0.267007591123245
2307, 0.251305408704470
2307, 0.236526640229377
2308, 0.222616981570768
2309, 0.209525322118554
2310, 0.197203556975406
2311, 0.181894281992861
2312, 0.167773494196276
2314, 0.154748929138590
2315, 0.142735485031531
2316, 0.131654666695241
2317, 0.121434072675103
2318, 0.112006922174641
2320, 0.101245386339217
2321, 0.091517810292069
2323, 0.082724852000598
2324, 0.074776714135543
2325, 0.067592227023486
2327, 0.061098019708556
2328, 0.055227770657860
2329, 0.048923099849369
2331, 0.043338155249813
2333, 0.038390774628748
2335, 0.034008175200343
2337, 0.030125882888312
2338, 0.026686783823412
2340, 0.023167478437340
2342, 0.020112279572397
2344, 0.017459983428595
2346, 0.015157457424428
2347, 0.013158575809246
2349, 0.011423295641169
2381, 0.010119239408086
2476, 0.008964051129792
2479, 0.007940736395002
2825, 4.391905009033503
2825, 4.304066908852833
2825, 4.217985570675776
2826, 4.133625859262260
2826, 4.050953342077015
2827, 3.969934275235474
2827, 3.890535589730765
2827, 3.812724877936149
2828, 3.736470380377426
2828, 3.661740972769878
2829, 3.588506153314480
2829, 3.516736030248190
2829, 3.446401309643226
2830, 3.377473283450362
2830, 3.309923817781355
2831, 3.243725341425727
2831, 3.178850834597212
2831, 3.115273817905268
2832, 3.052968341547163
2832, 2.991908974716220
2833, 2.932070795221895
2833, 2.873429379317457
2833, 2.815960791731108
2834, 2.759641575896486
2834, 2.704448744378556
2835, 2.650359769490985
2835, 2.597352574101165
2835, 2.545405522619141
2836, 2.494497412166758
2836, 2.444607463923423
2836, 2.395715314644955
2837, 2.347801008352056
2837, 2.300844988185014
2838, 2.254828088421314
2838, 2.209731526652888
2839, 2.165536896119830
2839, 2.122226158197433
2840, 2.079781635033485
2840, 2.038186002332815
2840, 1.997422282286158
2841, 1.957473836640435
2841, 1.918324359907627
2842, 1.879957872709474
2842, 1.842358715255284
2842, 1.805511540950179
2843, 1.769401310131175
2844, 1.734013283928552
2844, 1.699333018249981
2845, 1.665346357884981
2845, 1.632039430727281
2846, 1.567410669270481
2846, 1.505341206767370
2847, 1.445729694979382
2847, 1.388478799058198
2848, 1.333495038615494
2849, 1.280688635086320
2849, 1.229973365136902
2850, 1.181266419877480
2852, 1.134488269650332
2853, 1.067771283488735
2854, 1.004977789849330
2855, 0.945877055983870
2855, 0.890251918075570
2856, 0.837897983277382
2857, 0.788622878676806
2858, 0.727400633539029
2860, 0.670931183940228
2861, 0.618845561617570
2862, 0.570803441993364
2864, 0.526490920513086
2865, 0.485618461610362
2866, 0.438960626759628
2867, 0.396785639504390
2868, 0.358662791419606
2870, 0.324202756202522
2871, 0.293053613711340
2872, 0.264897256011074
2874, 0.239446138723663
2875, 0.216440344505777
3353, 0.002026029335585
3353, 0.002026029335585
3353, 0.002026029335585
3353, 0.002026029335585
3354, 0.002026029335585
3354, 0.002026029335585
3354, 0.002026029335585
3354, 0.002026029335585
3355, 0.002026029335585
3355, 0.002026029335585
3355, 0.002026029335585
3355, 0.002026029335585
3356, 0.002026029335585
3356, 0.002026029335585
3356, 0.002026029335585
3356, 0.002026029335585
3356, 0.002026029335585
3356, 0.002026029335585
3357, 0.002026029335585
3357, 0.002026029335585
3357, 0.002026029335585
3357, 0.002026029335585
3357, 0.002026029335585
3358, 0.002026029335585
3358, 0.002026029335585
3358, 0.002026029335585
3358, 0.002026029335585
3358, 0.002026029335585
3359, 0.002026029335585
3359, 0.002026029335585
3359, 0.002026029335585
3359, 0.002026029335585
3359, 0.002026029335585
3360, 0.002026029335585
3360, 0.002026029335585
3360, 0.002026029335585
3360, 0.002026029335585
3360, 0.002026029335585
3361, 0.002026029335585
3361, 0.002026029335585
3361, 0.002026029335585
3361, 0.002026029335585
3361, 0.002026029335585
3362, 0.002026029335585
3362, 0.002026029335585
3362, 0.002026029335585
3362, 0.002026029335585
3362, 0.002026029335585
3363, 0.002026029335585
3363, 0.002026029335585
3363, 0.002026029335585
3363, 0.002026029335585
3363, 0.002026029335585
3363, 0.002026029335585
3364, 0.002026029335585
3364, 0.002026029335585
3364, 0.002026029335585
3365, 0.002026029335585
3365, 0.002026029335585
3365, 0.002026029335585
3365, 0.002026029335585
3366, 0.002026029335585
3366, 0.002026029335585
3366, 0.002026029335585
3366, 0.002026029335585
3367, 0.002026029335585
3367, 0.002026029335585
3367, 0.002026029335585
3367, 0.002026029335585
3367, 0.002026029335585
3368, 0.002026029335585
3368, 0.002026029335585
3368, 0.002026029335585
3368, 0.002026029335585
3369, 0.002026029335585
3369, 0.002026029335585
3369, 0.002026029335585
3369, 0.002026029335585
3369, 0.002026029335585
3370, 0.002026029335585
3370, 0.002026029335585
3370, 0.002026029335585
3370, 0.002026029335585
3371, 0.002026029335585
3371, 0.002026029335585
3371, 0.002026029335585
3371, 0.002026029335585
3371, 0.002026029335585
3372, 0.002026029335585
3372, 0.002026029335585
3372, 0.002026029335585
3372, 0.002026029335585
3372, 0.002026029335585
3373, 0.002026029335585
3373, 0.002026029335585
3373, 0.002026029335585
3374, 0.002026029335585
3374, 0.002026029335585
3374, 0.002026029335585
3374, 0.002026029335585
3375, 0.002026029335585
3375, 0.002026029335585
3375, 0.002026029335585
3376, 0.002026029335585
3376, 0.002026029335585
3376, 0.002026029335585
3376, 0.002026029335585
3376, 0.002026029335585
3377, 0.002026029335585
3377, 0.002026029335585
3377, 0.002026029335585
3377, 0.002026029335585
3378, 0.002026029335585
3378, 0.002026029335585
3378, 0.002026029335585
3378, 0.002026029335585
3378, 0.002026029335585
3379, 0.002026029335585
3379, 0.002026029335585
3379, 0.002026029335585
3379, 0.002026029335585
3380, 0.002026029335585
3380, 0.002026029335585
3380, 0.002026029335585
3381, 0.002026029335585
3381, 0.002026029335585
3381, 0.002026029335585
3381, 0.002026029335585
3382, 0.002026029335585
3382, 0.002026029335585
3382, 0.002026029335585
3383, 0.002026029335585
3383, 0.002026029335585
3383, 0.002026029335585
3383, 0.002026029335585
3383, 0.002026029335585
3384, 0.002026029335585
3384, 0.002026029335585
3384, 0.002026029335585
3384, 0.002026029335585
3384, 0.002026029335585
3385, 0.002026029335585
3385, 0.002026029335585
3385, 0.002026029335585
3385, 0.002026029335585
3385, 0.002026029335585
3386, 0.002026029335585
3386, 0.002026029335585
3386, 0.002026029335585
3386, 0.002026029335585
3386, 0.002026029335585
3387, 0.002026029335585
3387, 0.002026029335585
3387, 0.002026029335585
3387, 0.002026029335585
3387, 0.002026029335585
3388, 0.002026029335585
3388, 0.002026029335585
3388, 0.002026029335585
3388, 0.002026029335585
3389, 0.002026029335585
3389, 0.002026029335585
3389, 0.002026029335585
3389, 0.002026029335585
3390, 0.002026029335585
3390, 0.002026029335585
3390, 0.002026029335585
3390, 0.002026029335585
3390, 0.002026029335585
3391, 0.002026029335585
3391, 0.002026029335585
3391, 0.002026029335585
3391, 0.002026029335585
3391, 0.002026029335585
3391, 0.002026029335585
3392, 0.002026029335585
3392, 0.002026029335585
3392, 0.002026029335585
3393, 0.002026029335585
3393, 0.002026029335585
3393, 0.002026029335585
3394, 0.002026029335585
3394, 0.002026029335585
3394, 0.002026029335585
3394, 0.002026029335585
3395, 0.002026029335585
3395, 0.002026029335585
3395, 0.002026029335585
3395, 0.002026029335585
3396, 0.002026029335585
3396, 0.002026029335585
3396, 0.002026029335585
3396, 0.002026029335585
3396, 0.002026029335585
3397, 0.002026029335585
3397, 0.002026029335585
3397, 0.002026029335585
3398, 0.002026029335585
3398, 0.002026029335585
3398, 0.002026029335585
3398, 0.002026029335585
3398, 0.002026029335585
3398, 0.002026029335585
3399, 0.002026029335585
3399, 0.002026029335585
3399, 0.002026029335585
3400, 0.002026029335585
3400, 0.002026029335585
3400, 0.002026029335585
3400, 0.002026029335585
3400, 0.002026029335585
3401, 0.002026029335585
3401, 0.002026029335585
3401, 0.002026029335585
3401, 0.002026029335585
3401, 0.002026029335585
3401, 0.002026029335585
3402, 0.002026029335585
3402, 0.002026029335585
3402, 0.002026029335585
3402, 0.002026029335585
3403, 0.002026029335585
3403, 0.002026029335585
3403, 0.002026029335585
3403, 0.002026029335585
3403, 0.002026029335585
3404, 0.002026029335585
3404, 0.002026029335585
3404, 0.002026029335585
3405, 0.002026029335585
3406, 0.002026029335585
3408, 0.002026029335585
3410, 0.002026029335585
3915, 0.002306639003945
3915, 0.002306639003945
3916, 0.002306639003945
3916, 0.002306639003945
3916, 0.002306639003945
3916, 0.002306639003945
3917, 0.002306639003945
3917, 0.002306639003945
3917, 0.002306639003945
3917, 0.002306639003945
3917, 0.002306639003945
3918, 0.002306639003945
3918, 0.002306639003945
3918, 0.002306639003945
3919, 0.002306639003945
3919, 0.002306639003945
3919, 0.002306639003945
3919, 0.002306639003945
3920, 0.002306639003945
3920, 0.002306639003945
3920, 0.002306639003945
3920, 0.002306639003945
3921, 0.002306639003945
3921, 0.002306639003945
3921, 0.002306639003945
3921, 0.002306639003945
3921, 0.002306639003945
3922, 0.002306639003945
3922, 0.002306639003945
3922, 0.002306639003945
3922, 0.002306639003945
3922, 0.002306639003945
3923, 0.002306639003945
3923, 0.002306639003945
3923, 0.002306639003945
3923, 0.002306639003945
3923, 0.002306639003945
3924, 0.002306639003945
3924, 0.002306639003945
3924, 0.002306639003945
3924, 0.002306639003945
3924, 0.002306639003945
3925, 0.002306639003945
3925, 0.002306639003945
3925, 0.002306639003945
3925, 0.002306639003945
3925, 0.002306639003945
3925, 0.002306639003945
3926, 0.002306639003945
3926, 0.002306639003945
3926, 0.002306639003945
3926, 0.002306639003945
3927, 0.002306639003945
3927, 0.002306639003945
3927, 0.002306639003945
3927, 0.002306639003945
3927, 0.002306639003945
3928, 0.002306639003945
3928, 0.002306639003945
3928, 0.002306639003945
3928, 0.002306639003945
3929, 0.002306639003945
3929, 0.002306639003945
3929, 0.002306639003945
3929, 0.002306639003945
3929, 0.002306639003945
3930, 0.002306639003945
3930, 0.002306639003945
3930, 0.002306639003945
3930, 0.002306639003945
3931, 0.002306639003945
3931, 0.002306639003945
3931, 0.002306639003945
3931, 0.002306639003945
3931, 0.002306639003945
3932, 0.002306639003945
3932, 0.002306639003945
3932, 0.002306639003945
3932, 0.002306639003945
3932, 0.002306639003945
3932, 0.002306639003945
3933, 0.002306639003945
3933, 0.002306639003945
3933, 0.002306639003945
3933, 0.002306639003945
3933, 0.002306639003945
3934, 0.002306639003945
3934, 0.002306639003945
3934, 0.002306639003945
3934, 0.002306639003945
3934, 0.002306639003945
3935, 0.002306639003945
3935, 0.002306639003945
3935, 0.002306639003945
3935, 0.002306639003945
3935, 0.002306639003945
3936, 0.002306639003945
3936, 0.002306639003945
3936, 0.002306639003945
3936, 0.002306639003945
3937, 0.002306639003945
3937, 0.002306639003945
3937, 0.002306639003945
3937, 0.002306639003945
3937, 0.002306639003945
3938, 0.002306639003945
3938, 0.002306639003945
3938, 0.002306639003945
3938, 0.002306639003945
3939, 0.002306639003945
3939, 0.002306639003945
3939, 0.002306639003945
3939, 0.002306639003945
3940, 0.002306639003945
3940, 0.002306639003945
3940, 0.002306639003945
3940, 0.002306639003945
3941, 0.002306639003945
3941, 0.002306639003945
3941, 0.002306639003945
3941, 0.002306639003945
3942, 0.002306639003945
3942, 0.002306639003945
3942, 0.002306639003945
3942, 0.002306639003945
3942, 0.002306639003945
3943, 0.002306639003945
3943, 0.002306639003945
3943, 0.002306639003945
3943, 0.002306639003945
3943, 0.002306639003945
3944, 0.002306639003945
3944, 0.002306639003945
3944, 0.002306639003945
3944, 0.002306639003945
3944, 0.002306639003945
3945, 0.002306639003945
3945, 0.002306639003945
3945, 0.002306639003945
3945, 0.002306639003945
3945, 0.002306639003945
3946, 0.002306639003945
3946, 0.002306639003945
3946, 0.002306639003945
3946, 0.002306639003945
3946, 0.002306639003945
3947, 0.002306639003945
3947, 0.002306639003945
3947, 0.002306639003945
3947, 0.002306639003945
3947, 0.002306639003945
3948, 0.002306639003945
3948, 0.002306639003945
3948, 0.002306639003945
3948, 0.002306639003945
3949, 0.002306639003945
3949, 0.002306639003945
3949, 0.002306639003945
3949, 0.002306639003945
3949, 0.002306639003945
3950, 0.002306639003945
3950, 0.002306639003945
3950, 0.002306639003945
3950, 0.002306639003945
3950, 0.002306639003945
3951, 0.002306639003945
3951, 0.002306639003945
3951, 0.002306639003945
3952, 0.002306639003945
3952, 0.002306639003945
3952, 0.002306639003945
3952, 0.002306639003945
3953, 0.002306639003945
3953, 0.002306639003945
3953, 0.002306639003945
3953, 0.002306639003945
3953, 0.002306639003945
3954, 0.002306639003945
3954, 0.002306639003945
3954, 0.002306639003945
3954, 0.002306639003945
3954, 0.002306639003945
3955, 0.002306639003945
3955, 0.002306639003945
3955, 0.002306639003945
3955, 0.002306639003945
3956, 0.002306639003945
3956, 0.002306639003945
3956, 0.002306639003945
3956, 0.002306639003945
3956, 0.002306639003945
3956, 0.002306639003945
3957, 0.002306639003945
3957, 0.002306639003945
3957, 0.002306639003945
3957, 0.002306639003945
3957, 0.002306639003945
3958, 0.002306639003945
3958, 0.002306639003945
3958, 0.002306639003945
3958, 0.002306639003945
3958, 0.002306639003945
3959, 0.002306639003945
3959, 0.002306639003945
3959, 0.002306639003945
3959, 0.002306639003945
3960, 0.002306639003945
3960, 0.002306639003945
3960, 0.002306639003945
3960, 0.002306639003945
3960, 0.002306639003945
3961, 0.002306639003945
3961, 0.002306639003945
3961, 0.002306639003945
3961, 0.002306639003945
3961, 0.002306639003945
3962, 0.002306639003945
3962, 0.002306639003945
3962, 0.002306639003945
3962, 0.002306639003945
3963, 0.002306639003945
3963, 0.002306639003945
3963, 0.002306639003945
3963, 0.002306639003945
3963, 0.002306639003945
3964, 0.002306639003945
3964, 0.002306639003945
3964, 0.002306639003945
3964, 0.002306639003945
3965, 0.002306639003945
3965, 0.002306639003945
3965, 0.002306639003945
3965, 0.002306639003945
3965, 0.002306639003945
3966, 0.002306639003945
3966, 0.002306639003945
3966, 0.002306639003945
3966, 0.002306639003945
3966, 0.002306639003945
4472, 0.001383889937337
4472, 0.001383889937337
4473, 0.001383889937337
4473, 0.001383889937337
4473, 0.001383889937337
4473, 0.001383889937337
4474, 0.001383889937337
4474, 0.001383889937337
4474, 0.001383889937337
4474, 0.001383889937337
4474, 0.001383889937337
4475, 0.001383889937337
4475, 0.001383889937337
4475, 0.001383889937337
4475, 0.001383889937337
4476, 0.001383889937337
4476, 0.001383889937337
4476, 0.001383889937337
4476, 0.001383889937337
4476, 0.001383889937337
4477, 0.001383889937337
4477, 0.001383889937337
4477, 0.001383889937337
4477, 0.001383889937337
4477, 0.001383889937337
4478, 0.001383889937337
4478, 0.001383889937337
4478, 0.001383889937337
4478, 0.001383889937337
4479, 0.001383889937337
4479, 0.001383889937337
4479, 0.001383889937337
4479, 0.001383889937337
4479, 0.001383889937337
4480, 0.001383889937337
4480, 0.001383889937337
4480, 0.001383889937337
4480, 0.001383889937337
4481, 0.001383889937337
4481, 0.001383889937337
4481, 0.001383889937337
4481, 0.001383889937337
4481, 0.001383889937337
4481, 0.001383889937337
4482, 0.001383889937337
4482, 0.001383889937337
4482, 0.001383889937337
4482, 0.001383889937337
4482, 0.001383889937337
4483, 0.001383889937337
4483, 0.001383889937337
4483, 0.001383889937337
4483, 0.001383889937337
4483, 0.001383889937337
4483, 0.001383889937337
4484, 0.001383889937337
4484, 0.001383889937337
4484, 0.001383889937337
4484, 0.001383889937337
4484, 0.001383889937337
4485, 0.001383889937337
4485, 0.001383889937337
4485, 0.001383889937337
4485, 0.001383889937337
4485, 0.001383889937337
4485, 0.001383889937337
4486, 0.001383889937337
4486, 0.001383889937337
4486, 0.001383889937337
4486, 0.001383889937337
4486, 0.001383889937337
4487, 0.001383889937337
4487, 0.001383889937337
4487, 0.001383889937337
4487, 0.001383889937337
4487, 0.001383889937337
4488, 0.001383889937337
4488, 0.001383889937337
4488, 0.001383889937337
4488, 0.001383889937337
4488, 0.001383889937337
4488, 0.001383889937337
4489, 0.001383889937337
4489, 0.001383889937337
4489, 0.001383889937337
4489, 0.001383889937337
4489, 0.001383889937337
4490, 0.001383889937337
4490, 0.001383889937337
4490, 0.001383889937337
4490, 0.001383889937337
4490, 0.001383889937337
4491, 0.001383889937337
4491, 0.001383889937337
4491, 0.001383889937337
4491, 0.001383889937337
4492, 0.001383889937337
4492, 0.001383889937337
4492, 0.001383889937337
4492, 0.001383889937337
4492, 0.001383889937337
4494, 0.001383889937337
4494, 0.001383889937337
4494, 0.001383889937337
4494, 0.001383889937337
4495, 0.001383889937337
4495, 0.001383889937337
4495, 0.001383889937337
4495, 0.001383889937337
4495, 0.001383889937337
4496, 0.001383889937337
4496, 0.001383889937337
4496, 0.001383889937337
4496, 0.001383889937337
4496, 0.001383889937337
4497, 0.001383889937337
4497, 0.001383889937337
4497, 0.001383889937337
4497, 0.001383889937337
4498, 0.001383889937337
4498, 0.001383889937337
4498, 0.001383889937337
4498, 0.001383889937337
4499, 0.001383889937337
4499, 0.001383889937337
4499, 0.001383889937337
4499, 0.001383889937337
4499, 0.001383889937337
4500, 0.001383889937337
4500, 0.001383889937337
4500, 0.001383889937337
4500, 0.001383889937337
4500, 0.001383889937337
4500, 0.001383889937337
4501, 0.001383889937337
4501, 0.001383889937337
4501, 0.001383889937337
4501, 0.001383889937337
4502, 0.001383889937337
4502, 0.001383889937337
4502, 0.001383889937337
4502, 0.001383889937337
4502, 0.001383889937337
4502, 0.001383889937337
4503, 0.001383889937337
4503, 0.001383889937337
4503, 0.001383889937337
4504, 0.001383889937337
4504, 0.001383889937337
4504, 0.001383889937337
4504, 0.001383889937337
4505, 0.001383889937337
4505, 0.001383889937337
4505, 0.001383889937337
4505, 0.001383889937337
4506, 0.001383889937337
4506, 0.001383889937337
4506, 0.001383889937337
4506, 0.001383889937337
4507, 0.001383889937337
4507, 0.001383889937337
4507, 0.001383889937337
4507, 0.001383889937337
4508, 0.001383889937337
4508, 0.001383889937337
4508, 0.001383889937337
4508, 0.001383889937337
4509, 0.001383889937337
4509, 0.001383889937337
4509, 0.001383889937337
4509, 0.001383889937337
4510, 0.001383889937337
4510, 0.001383889937337
4510, 0.001383889937337
4510, 0.001383889937337
4510, 0.001383889937337
4510, 0.001383889937337
4511, 0.001383889937337
4511, 0.001383889937337
4511, 0.001383889937337
4511, 0.001383889937337
4511, 0.001383889937337
4512, 0.001383889937337
4512, 0.001383889937337
4512, 0.001383889937337
4512, 0.001383889937337
4513, 0.001383889937337
4513, 0.001383889937337
4513, 0.001383889937337
4513, 0.001383889937337
4513, 0.001383889937337
4514, 0.001383889937337
4514, 0.001383889937337
4514, 0.001383889937337
4514, 0.001383889937337
4515, 0.001383889937337
4515, 0.001383889937337
4515, 0.001383889937337
4515, 0.001383889937337
4516, 0.001383889937337
4516, 0.001383889937337
4516, 0.001383889937337
4517, 0.001383889937337
4517, 0.001383889937337
4517, 0.001383889937337
4518, 0.001383889937337
4518, 0.001383889937337
4518, 0.001383889937337
4518, 0.001383889937337
4518, 0.001383889937337
4518, 0.001383889937337
4519, 0.001383889937337
4519, 0.001383889937337
4519, 0.001383889937337
4519, 0.001383889937337
4519, 0.001383889937337
4519, 0.001383889937337
4520, 0.001383889937337
4520, 0.001383889937337
4520, 0.001383889937337
4521, 0.001383889937337
4521, 0.001383889937337
4521, 0.001383889937337
4522, 0.001383889937337
4522, 0.001383889937337
4522, 0.001383889937337
4522, 0.001383889937337
4522, 0.001383889937337
4523, 0.001383889937337
4523, 0.001383889937337
4523, 0.001383889937337
4524, 0.001383889937337
