41, 49.024368413252802
42, 48.043881044987742
42, 47.083003424087984
42, 46.141343355606224
43, 45.218516488494096
43, 44.314146158724213
44, 43.427863235549729
44, 42.559305970838736
45, 40.873957454393519
45, 39.255348739199533
46, 37.700836929127227
46, 36.207883786733788
47, 34.774051588779130
48, 33.396999145863475
49, 32.074477979687281
49, 30.188242078657829
50, 28.412931938496119
51, 26.742024237057038
52, 25.169379275724186
53, 23.689218419277395
55, 22.296102862476531
56, 20.565215372433208
57, 18.968699863074935
59, 17.496124790296676
60, 16.137868429956331
61, 14.885056010060909
63, 13.454911689026886
64, 12.162174494818816
65, 10.993642460177259
66, 9.937382052337739
68, 8.982606302855148
70, 7.957173353685175
72, 7.048801388576055
73, 6.244127004293681
75, 5.531312331900710
76, 4.801873467685461
78, 4.168628964717717
80, 3.618893242903290
81, 3.141653626258370
83, 2.672802734980598
85, 2.273921733576956
88, 1.934568527172344
90, 1.612942180217362
98, 1.372231564491378
101, 1.167443873488817
105, 0.993218078503933
108, 0.868441483683149
112, 0.738837901593686
117, 0.628575966357828
124, 0.534769189060853
124, 0.526137677801335
129, 0.445862614635641
129, 0.438666111439217
134, 0.371736957169963
135, 0.365736888734782
140, 0.316260057287273
141, 0.311155420929661
142, 0.304937343894224
146, 0.263681115014417
147, 0.259425135874770
148, 0.254240828061721
153, 0.219843539559253
153, 0.216295126475899
153, 0.211972721438576
156, 0.183294059126298
157, 0.180335577658939
157, 0.176731782132051
160, 0.152821011608302
161, 0.150354384305588
161, 0.147349727849870
165, 0.130014465749886
165, 0.127915950450245
165, 0.125359699842159
170, 0.110611499860729
170, 0.108826160641473
170, 0.106651397147661
172, 0.094104173953818
173, 0.092585273363310
173, 0.090735064999914
175, 0.080060351470513
175, 0.078768127013131
176, 0.077194038153482
179, 0.068112386606013
180, 0.067013009820797
180, 0.065673833224750
183, 0.057947499904191
183, 0.057012190787444
184, 0.055872868858820
186, 0.050305704254640
186, 0.049493738528914
187, 0.048504664072087
191, 0.043671666331411
191, 0.042966778152787
191, 0.042108137362534
193, 0.037912488621729
193, 0.037300557195782
194, 0.036555149201876
195, 0.032912799401449
195, 0.032381566105988
195, 0.031734458393792
199, 0.028572441531025
199, 0.028111264343125
199, 0.027549493615406
203, 0.024804466040282
203, 0.024404106348114
203, 0.023916418835552
204, 0.021972847253184
205, 0.021618191670272
206, 0.021186177403026
207, 0.019464479325121
208, 0.019150310379168
208, 0.018767613832103
210, 0.017242460707643
211, 0.016964156540567
211, 0.016625147720167
212, 0.015274102445213
213, 0.015027568819245
213, 0.014727260438648
215, 0.013530447275628
215, 0.013312057341438
215, 0.013046031450576
218, 0.011985843628797
218, 0.011792384569537
218, 0.011556727561005
220, 0.010617568256797
220, 0.010446194023143
221, 0.010237439057637
223, 0.009597440758763
223, 0.009442532024927
223, 0.009253834070171
224, 0.008675326297901
224, 0.008535301071781
225, 0.008364733066164
226, 0.007841807859699
227, 0.007715236145732
227, 0.007561056178186
229, 0.007088373208892
230, 0.006973962404351
230, 0.006834595925236
232, 0.006407327958997
233, 0.006303909653394
233, 0.006177933394545
234, 0.005791716994056
234, 0.005698235036851
235, 0.005584362476574
237, 0.005235253440107
237, 0.005150753154864
237, 0.005047821379445
238, 0.004732254461031
239, 0.004655872895865
239, 0.004562830723412
240, 0.004277583223076
240, 0.004208540337830
241, 0.004124437583170
242, 0.003945506566715
242, 0.003881823607690
242, 0.003804249904624
243, 0.003639209632209
243, 0.003580470498469
244, 0.003508918984708
244, 0.003356691092315
245, 0.003302511985607
245, 0.003236515147514
246, 0.003096104986507
246, 0.003046131903543
246, 0.002985258521425
248, 0.002855748659571
248, 0.002809655078988
249, 0.002753507409531
250, 0.002634051636551
250, 0.002591536385441
250, 0.002539747562875
251, 0.002429565361351
252, 0.002390350647412
252, 0.002342582286434
252, 0.002240953731949
253, 0.002204783328408
253, 0.002160723313187
254, 0.002066984370383
255, 0.002033621941823
255, 0.001992982386653
255, 0.001945429153529
255, 0.001914028702668
256, 0.001875779078459
256, 0.001831022355869
256, 0.001801468502721
257, 0.001765468262413
257, 0.001723343593165
257, 0.001695527743013
258, 0.001661644604837
258, 0.001621997203138
258, 0.001595817147502
259, 0.001563926608915
259, 0.001526610791616
260, 0.001501970332692
260, 0.001471955212898
261, 0.001436833864182
261, 0.001413642461367
262, 0.001385392470738
263, 0.001352336538297
263, 0.001330508975499
263, 0.001303920310319
264, 0.001272808331153
265, 0.001252264403668
265, 0.001227239364710
266, 0.001197957018815
266, 0.001178621238617
266, 0.001155067872150
267, 0.001127507562452
267, 0.001109308880816
267, 0.001087140640725
268, 0.001061201097720
269, 0.001044072644153
269, 0.001023208073925
271, 0.000998793983565
271, 0.000982672820096
271, 0.000963035253513
272, 0.000940056906979
272, 0.000924883796892
272, 0.000906401076325
273, 0.000884774040394
275, 0.000870493230564
275, 0.000853097441828
275, 0.000849736988394
275, 0.000836021698634
276, 0.000819314783132
276, 0.000816087403654
276, 0.000802915239368
277, 0.000786869917720
277, 0.000783770342469
278, 0.000771119795889
278, 0.000755709868978
278, 0.000752733036907
279, 0.000740583451972
279, 0.000725783758167
279, 0.000722924808646
280, 0.000711256347274
280, 0.000697042721343
280, 0.000694296986223
280, 0.000683090595922
281, 0.000669439829578
281, 0.000666802825569
282, 0.000656040208323
282, 0.000642930012327
283, 0.000640397433676
283, 0.000630061016073
283, 0.000617469983839
283, 0.000615037695303
284, 0.000605110599837
285, 0.000593018172479
285, 0.000590682202569
286, 0.000581148220083
286, 0.000569534652848
286, 0.000567291187347
287, 0.000558134750568
287, 0.000546981080596
287, 0.000544826456328
288, 0.000536032614446
288, 0.000525320629804
288, 0.000523251328658
289, 0.000514805722914
289, 0.000504517932864
289, 0.000502530576043
289, 0.000494419416286
290, 0.000484539022722
290, 0.000482630365231
291, 0.000474840407401
292, 0.000465351277423
292, 0.000463518202768
293, 0.000456036727268
293, 0.000446923366837
293, 0.000445162881939
294, 0.000437977672868
294, 0.000429225201510
295, 0.000427534431814
295, 0.000420633757023
296, 0.000412227883530
296, 0.000410604068314
297, 0.000403976660245
297, 0.000395903659342
297, 0.000394344147209
298, 0.000387979184499
298, 0.000380225874432
299, 0.000378728118979
299, 0.000372615208793
299, 0.000365168929805
299, 0.000363730485468
300, 0.000357859646525
300, 0.000350708240185
301, 0.000349326758243
301, 0.000343688404522
301, 0.000336820193873
301, 0.000336814636432
302, 0.000330083789996
302, 0.000330078343703
302, 0.000323482114196
302, 0.000323476776829
302, 0.000317012471912
302, 0.000317007241293
303, 0.000310672222474
303, 0.000310667096467
305, 0.000304458778024
306, 0.000304453754537
306, 0.000298369602464
307, 0.000298364679447
307, 0.000292402210415
308, 0.000292397385858
308, 0.000286554166206
308, 0.000286549438141
309, 0.000280823082882
309, 0.000280818449378
309, 0.000275206621224
309, 0.000275202080390
310, 0.000269702488800
310, 0.000269698038782
310, 0.000264308439024
310, 0.000264304078007
310, 0.000259022270243
311, 0.000259017996447
311, 0.000253841824839
311, 0.000253837636518
312, 0.000248764988342
312, 0.000248760883787
312, 0.000243789688575
313, 0.000243785666112
314, 0.000238913894804
314, 0.000238909952789
314, 0.000234135616907
314, 0.000234131753734
315, 0.000229452904569
315, 0.000229449118659
316, 0.000224863846478
316, 0.000224860136286
317, 0.000220366569548
317, 0.000220362933560
318, 0.000215959238157
319, 0.000215955674889
320, 0.000211640053394
321, 0.000211636561391
321, 0.000207407252326
322, 0.000207403830163
323, 0.000203259107280
324, 0.000203255753560
324, 0.000199193925134
325, 0.000199190638489
326, 0.000195210046632
327, 0.000195206825719
327, 0.000191305845699
328, 0.000191302689205
328, 0.000187479728785
328, 0.000187476635420
328, 0.000183730134209
329, 0.000183727102712
330, 0.000180055531525
330, 0.000180052560658
331, 0.000176454420895
331, 0.000176451509445
332, 0.000172925332477
332, 0.000172922479256
333, 0.000169466825827
334, 0.000169464029671
334, 0.000166077489311
335, 0.000166074749077
335, 0.000162755939524
335, 0.000162753254096
336, 0.000159500820734
337, 0.000159500820734
337, 0.000159500820734
338, 0.000159500820734
339, 0.000159500820734
339, 0.000159500820734
340, 0.000159500820734
340, 0.000159500820734
340, 0.000159500820734
340, 0.000159500820734
341, 0.000159500820734
341, 0.000159500820734
342, 0.000159500820734
343, 0.000159500820734
343, 0.000159500820734
343, 0.000159500820734
344, 0.000159500820734
344, 0.000159500820734
345, 0.000159500820734
345, 0.000159500820734
345, 0.000159500820734
345, 0.000159500820734
346, 0.000159500820734
346, 0.000159500820734
347, 0.000159500820734
348, 0.000159500820734
349, 0.000159500820734
349, 0.000159500820734
350, 0.000159500820734
351, 0.000159500820734
352, 0.000159500820734
353, 0.000159500820734
354, 0.000159500820734
355, 0.000159500820734
355, 0.000159500820734
358, 0.000159500820734
358, 0.000159500820734
358, 0.000159500820734
358, 0.000159500820734
359, 0.000159500820734
359, 0.000159500820734
359, 0.000159500820734
360, 0.000159500820734
360, 0.000159500820734
360, 0.000159500820734
360, 0.000159500820734
360, 0.000159500820734
361, 0.000159500820734
361, 0.000159500820734
361, 0.000159500820734
361, 0.000159500820734
362, 0.000159500820734
362, 0.000159500820734
362, 0.000159500820734
362, 0.000159500820734
362, 0.000159500820734
362, 0.000159500820734
363, 0.000159500820734
363, 0.000159500820734
363, 0.000159500820734
363, 0.000159500820734
363, 0.000159500820734
363, 0.000159500820734
364, 0.000159500820734
364, 0.000159500820734
364, 0.000159500820734
365, 0.000159500820734
365, 0.000159500820734
365, 0.000159500820734
365, 0.000159500820734
365, 0.000159500820734
365, 0.000159500820734
365, 0.000159500820734
382, 0.001984305385688
382, 0.001944619277974
382, 0.001905726892414
382, 0.001867612354566
383, 0.001830260107475
383, 0.001793654905325
384, 0.001757781807219
385, 0.001722626171074
385, 0.001688173647653
386, 0.001654410174700
386, 0.001621321971206
386, 0.001588895531782
387, 0.001557117621146
387, 0.001525975268723
387, 0.001495455763349
388, 0.001465546648082
388, 0.001436235715120
389, 0.001407511000818
389, 0.001379360780801
389, 0.001351773565185
390, 0.001324738093882
390, 0.001298243332004
391, 0.001272278465364
879, 0.000013682695903
880, 0.000012878043922
880, 0.000012120711915
881, 0.000011407917089
881, 0.000010737040301
882, 0.000010105616435
883, 0.000009511325343
883, 0.000008951983323
884, 0.000008425535087
885, 0.000007930046220
886, 0.000007463696062
887, 0.000007024771024
888, 0.000006611658289
888, 0.000006222839889
889, 0.000005856887121
890, 0.000005512455303
891, 0.000005188278831
892, 0.000004883166530
893, 0.000004595997273
894, 0.000004325715865
895, 0.000004071329166
896, 0.000003831902441
897, 0.000003606555922
898, 0.000003394461581
899, 0.000003194840085
900, 0.000003006957929
901, 0.000002830124747
901, 0.000002663690771
903, 0.000002507044444
904, 0.000002359610174
905, 0.000002220846219
906, 0.000002048437841
907, 0.000001889413842
908, 0.000001742735169
909, 0.000001607443431
910, 0.000001482654640
912, 0.000001367553432
912, 0.000001261387743
913, 0.000001163463892
914, 0.000001051679208
915, 0.000000950634708
916, 0.000000859298482
918, 0.000000761203013
919, 0.000000674305890
920, 0.000000597328735
922, 0.000000529139109
922, 0.000000501741909
923, 0.000000459359171
924, 0.000000435574962
925, 0.000000398781425
925, 0.000000378133747
927, 0.000000346192337
927, 0.000000328267560
927, 0.000000310179538
928, 0.000000294527639
929, 0.000000279277902
1123, 0.000000286104451
1124, 0.000000286104451
1124, 0.000000286104451
1124, 0.000000286104451
1124, 0.000000286104451
1124, 0.000000286104451
1125, 0.000000286104451
1125, 0.000000286104451
1125, 0.000000286104451
1125, 0.000000286104451
1126, 0.000000286104451
1126, 0.000000286104451
1126, 0.000000286104451
1126, 0.000000286104451
1127, 0.000000286104451
1127, 0.000000286104451
1127, 0.000000286104451
1127, 0.000000286104451
1127, 0.000000286104451
1127, 0.000000286104451
1128, 0.000000286104451
1128, 0.000000286104451
1128, 0.000000286104451
1128, 0.000000286104451
1128, 0.000000286104451
1129, 0.000000286104451
1129, 0.000000286104451
1129, 0.000000286104451
1129, 0.000000286104451
1130, 0.000000286104451
1130, 0.000000286104451
1130, 0.000000286104451
1130, 0.000000286104451
1130, 0.000000286104451
1131, 0.000000286104451
1131, 0.000000286104451
1131, 0.000000286104451
1132, 0.000000286104451
1132, 0.000000286104451
1132, 0.000000286104451
1132, 0.000000286104451
1132, 0.000000286104451
1133, 0.000000286104451
1133, 0.000000286104451
1133, 0.000000286104451
1133, 0.000000286104451
1133, 0.000000286104451
1134, 0.000000286104451
1134, 0.000000286104451
1134, 0.000000286104451
1134, 0.000000286104451
1134, 0.000000286104451
1135, 0.000000286104451
1135, 0.000000286104451
1135, 0.000000286104451
1135, 0.000000286104451
1135, 0.000000286104451
1135, 0.000000286104451
1136, 0.000000286104451
1136, 0.000000286104451
1136, 0.000000286104451
1137, 0.000000286104451
1137, 0.000000286104451
1137, 0.000000286104451
1137, 0.000000286104451
1137, 0.000000286104451
1138, 0.000000286104451
1138, 0.000000286104451
1138, 0.000000286104451
1138, 0.000000286104451
1138, 0.000000286104451
1138, 0.000000286104451
1139, 0.000000286104451
1139, 0.000000286104451
1139, 0.000000286104451
1139, 0.000000286104451
1140, 0.000000286104451
1140, 0.000000286104451
1140, 0.000000286104451
1140, 0.000000286104451
1140, 0.000000286104451
1141, 0.000000286104451
1141, 0.000000286104451
1141, 0.000000286104451
1141, 0.000000286104451
1141, 0.000000286104451
1142, 0.000000286104451
1142, 0.000000286104451
1142, 0.000000286104451
1142, 0.000000286104451
1142, 0.000000286104451
1143, 0.000000286104451
1143, 0.000000286104451
1143, 0.000000286104451
1143, 0.000000286104451
1143, 0.000000286104451
1144, 0.000000286104451
1144, 0.000000286104451
1144, 0.000000286104451
1145, 0.000000286104451
1145, 0.000000286104451
1145, 0.000000286104451
1145, 0.000000286104451
1145, 0.000000286104451
1146, 0.000000286104451
1146, 0.000000286104451
1146, 0.000000286104451
1146, 0.000000286104451
1146, 0.000000286104451
1147, 0.000000286104451
1147, 0.000000286104451
1147, 0.000000286104451
1147, 0.000000286104451
1147, 0.000000286104451
1148, 0.000000286104451
1148, 0.000000286104451
1148, 0.000000286104451
1148, 0.000000286104451
1149, 0.000000286104451
1149, 0.000000286104451
1149, 0.000000286104451
1149, 0.000000286104451
1149, 0.000000286104451
1150, 0.000000286104451
1150, 0.000000286104451
1150, 0.000000286104451
1150, 0.000000286104451
1150, 0.000000286104451
1150, 0.000000286104451
1151, 0.000000286104451
1151, 0.000000286104451
1151, 0.000000286104451
1151, 0.000000286104451
1151, 0.000000286104451
1152, 0.000000286104451
1152, 0.000000286104451
1152, 0.000000286104451
1153, 0.000000286104451
1153, 0.000000286104451
1153, 0.000000286104451
1153, 0.000000286104451
1153, 0.000000286104451
1153, 0.000000286104451
1154, 0.000000286104451
1154, 0.000000286104451
1154, 0.000000286104451
1154, 0.000000286104451
1154, 0.000000286104451
1155, 0.000000286104451
1155, 0.000000286104451
1155, 0.000000286104451
1155, 0.000000286104451
1155, 0.000000286104451
1156, 0.000000286104451
1156, 0.000000286104451
1156, 0.000000286104451
1156, 0.000000286104451
1157, 0.000000286104451
1157, 0.000000286104451
1157, 0.000000286104451
1157, 0.000000286104451
1157, 0.000000286104451
1158, 0.000000286104451
1158, 0.000000286104451
1158, 0.000000286104451
1158, 0.000000286104451
1158, 0.000000286104451
1159, 0.000000286104451
1159, 0.000000286104451
1159, 0.000000286104451
1159, 0.000000286104451
1159, 0.000000286104451
1160, 0.000000286104451
1160, 0.000000286104451
1160, 0.000000286104451
1160, 0.000000286104451
1160, 0.000000286104451
1161, 0.000000286104451
1161, 0.000000286104451
1161, 0.000000286104451
1161, 0.000000286104451
1161, 0.000000286104451
1162, 0.000000286104451
1162, 0.000000286104451
1162, 0.000000286104451
1162, 0.000000286104451
1163, 0.000000286104451
1163, 0.000000286104451
1163, 0.000000286104451
1163, 0.000000286104451
1163, 0.000000286104451
1163, 0.000000286104451
1164, 0.000000286104451
1164, 0.000000286104451
1164, 0.000000286104451
1164, 0.000000286104451
1164, 0.000000286104451
1165, 0.000000286104451
1165, 0.000000286104451
1165, 0.000000286104451
1165, 0.000000286104451
1165, 0.000000286104451
1166, 0.000000286104451
1166, 0.000000286104451
1166, 0.000000286104451
1167, 0.000000286104451
1167, 0.000000286104451
1167, 0.000000286104451
1167, 0.000000286104451
1167, 0.000000286104451
1168, 0.000000286104451
1168, 0.000000286104451
1168, 0.000000286104451
1168, 0.000000286104451
1168, 0.000000286104451
1169, 0.000000286104451
1169, 0.000000286104451
1169, 0.000000286104451
1169, 0.000000286104451
1169, 0.000000286104451
1170, 0.000000286104451
1170, 0.000000286104451
1170, 0.000000286104451
1170, 0.000000286104451
1170, 0.000000286104451
1171, 0.000000286104451
1171, 0.000000286104451
1171, 0.000000286104451
1171, 0.000000286104451
1172, 0.000000286104451
1172, 0.000000286104451
1172, 0.000000286104451
1172, 0.000000286104451
1172, 0.000000286104451
1173, 0.000000286104451
1173, 0.000000286104451
1173, 0.000000286104451
1173, 0.000000286104451
1173, 0.000000286104451
1174, 0.000000286104451
1174, 0.000000286104451
1174, 0.000000286104451
1174, 0.000000286104451
1175, 0.000000286104451
1175, 0.000000286104451
1175, 0.000000286104451
1175, 0.000000286104451
1176, 0.000000286104451
1176, 0.000000286104451
1176, 0.000000286104451
1176, 0.000000286104451
1176, 0.000000286104451
1177, 0.000000286104451
1177, 0.000000286104451
1177, 0.000000286104451
1177, 0.000000286104451
1177, 0.000000286104451
1178, 0.000000286104451
1178, 0.000000286104451
1178, 0.000000286104451
1178, 0.000000286104451
1178, 0.000000286104451
1179, 0.000000286104451
1179, 0.000000286104451
1179, 0.000000286104451
1179, 0.000000286104451
1180, 0.000000286104451
1180, 0.000000286104451
1180, 0.000000286104451
1180, 0.000000286104451
1180, 0.000000286104451
1181, 0.000000286104451
1181, 0.000000286104451
1181, 0.000000286104451
1181, 0.000000286104451
1182, 0.000000286104451
1182, 0.000000286104451
1182, 0.000000286104451
1182, 0.000000286104451
1183, 0.000000286104451
1183, 0.000000286104451
1183, 0.000000286104451
1183, 0.000000286104451
1183, 0.000000286104451
1183, 0.000000286104451
1184, 0.000000286104451
1184, 0.000000286104451
1184, 0.000000286104451
1184, 0.000000286104451
1185, 0.000000286104451
1185, 0.000000286104451
1185, 0.000000286104451
1185, 0.000000286104451
1185, 0.000000286104451
1186, 0.000000286104451
1186, 0.000000286104451
1186, 0.000000286104451
1186, 0.000000286104451
1186, 0.000000286104451
1187, 0.000000286104451
1187, 0.000000286104451
1187, 0.000000286104451
1187, 0.000000286104451
1187, 0.000000286104451
1188, 0.000000286104451
1188, 0.000000286104451
1188, 0.000000286104451
1188, 0.000000286104451
1189, 0.000000286104451
1189, 0.000000286104451
1189, 0.000000286104451
1189, 0.000000286104451
1190, 0.000000286104451
1190, 0.000000286104451
1190, 0.000000286104451
1190, 0.000000286104451
1191, 0.000000286104451
1191, 0.000000286104451
1191, 0.000000286104451
1191, 0.000000286104451
1192, 0.000000286104451
1192, 0.000000286104451
1192, 0.000000286104451
1192, 0.000000286104451
1192, 0.000000286104451
1193, 0.000000286104451
1193, 0.000000286104451
1194, 0.000000286104451
1194, 0.000000286104451
1194, 0.000000286104451
1194, 0.000000286104451
1195, 0.000000286104451
1195, 0.000000286104451
1195, 0.000000286104451
1196, 0.000000286104451
1196, 0.000000286104451
1196, 0.000000286104451
1196, 0.000000286104451
1197, 0.000000286104451
1197, 0.000000286104451
1197, 0.000000286104451
1198, 0.000000286104451
1198, 0.000000286104451
1198, 0.000000286104451
1198, 0.000000286104451
1199, 0.000000286104451
1199, 0.000000286104451
1199, 0.000000286104451
1199, 0.000000286104451
1199, 0.000000286104451
1199, 0.000000286104451
1200, 0.000000286104451
1200, 0.000000286104451
1200, 0.000000286104451
1200, 0.000000286104451
1201, 0.000000286104451
1201, 0.000000286104451
1201, 0.000000286104451
1201, 0.000000286104451
1202, 0.000000286104451
1202, 0.000000286104451
1202, 0.000000286104451
1202, 0.000000286104451
1203, 0.000000286104451
1203, 0.000000286104451
1203, 0.000000286104451
1204, 0.000000286104451
1204, 0.000000286104451
1204, 0.000000286104451
1205, 0.000000286104451
1205, 0.000000286104451
1205, 0.000000286104451
1205, 0.000000286104451
1205, 0.000000286104451
1206, 0.000000286104451
1206, 0.000000286104451
1206, 0.000000286104451
1206, 0.000000286104451
1206, 0.000000286104451
1207, 0.000000286104451
1207, 0.000000286104451
1207, 0.000000286104451
1207, 0.000000286104451
1208, 0.000000286104451
1208, 0.000000286104451
1208, 0.000000286104451
1208, 0.000000286104451
1209, 0.000000286104451
1209, 0.000000286104451
1209, 0.000000286104451
1209, 0.000000286104451
1210, 0.000000286104451
1210, 0.000000286104451
1210, 0.000000286104451
1210, 0.000000286104451
1211, 0.000000286104451
1211, 0.000000286104451
1211, 0.000000286104451
1211, 0.000000286104451
1211, 0.000000286104451
1212, 0.000000286104451
1212, 0.000000286104451
1212, 0.000000286104451
1212, 0.000000286104451
1212, 0.000000286104451
1213, 0.000000286104451
1213, 0.000000286104451
1213, 0.000000286104451
1213, 0.000000286104451
1214, 0.000000286104451
1214, 0.000000286104451
1214, 0.000000286104451
1214, 0.000000286104451
1215, 0.000000286104451
1215, 0.000000286104451
1215, 0.000000286104451
1215, 0.000000286104451
1215, 0.000000286104451
1216, 0.000000286104451
1216, 0.000000286104451
1216, 0.000000286104451
1216, 0.000000286104451
1216, 0.000000286104451
1217, 0.000000286104451
1217, 0.000000286104451
1217, 0.000000286104451
1217, 0.000000286104451
1218, 0.000000286104451
1218, 0.000000286104451
1218, 0.000000286104451
1218, 0.000000286104451
1219, 0.000000286104451
1219, 0.000000286104451
1219, 0.000000286104451
1219, 0.000000286104451
1219, 0.000000286104451
1220, 0.000000286104451
1220, 0.000000286104451
1220, 0.000000286104451
1220, 0.000000286104451
1221, 0.000000286104451
1221, 0.000000286104451
1221, 0.000000286104451
1221, 0.000000286104451
1222, 0.000000286104451
1222, 0.000000286104451
1222, 0.000000286104451
1222, 0.000000286104451
1223, 0.000000286104451
1223, 0.000000286104451
1223, 0.000000286104451
1223, 0.000000286104451
1223, 0.000000286104451
1224, 0.000000286104451
1224, 0.000000286104451
1224, 0.000000286104451
1224, 0.000000286104451
1225, 0.000000286104451
1225, 0.000000286104451
1225, 0.000000286104451
1225, 0.000000286104451
1225, 0.000000286104451
1226, 0.000000286104451
1226, 0.000000286104451
1226, 0.000000286104451
1226, 0.000000286104451
1227, 0.000000286104451
1227, 0.000000286104451
1227, 0.000000286104451
1227, 0.000000286104451
1227, 0.000000286104451
1228, 0.000000286104451
1228, 0.000000286104451
1228, 0.000000286104451
1228, 0.000000286104451
1229, 0.000000286104451
1229, 0.000000286104451
1229, 0.000000286104451
1229, 0.000000286104451
1230, 0.000000286104451
1230, 0.000000286104451
1230, 0.000000286104451
1231, 0.000000286104451
1231, 0.000000286104451
1231, 0.000000286104451
1231, 0.000000286104451
1232, 0.000000286104451
1232, 0.000000286104451
1233, 0.000000286104451
1233, 0.000000286104451
1233, 0.000000286104451
1233, 0.000000286104451
1234, 0.000000286104451
1234, 0.000000286104451
1234, 0.000000286104451
1234, 0.000000286104451
1235, 0.000000286104451
1235, 0.000000286104451
1235, 0.000000286104451
1235, 0.000000286104451
1235, 0.000000286104451
1236, 0.000000286104451
1236, 0.000000286104451
1236, 0.000000286104451
1237, 0.000000286104451
1237, 0.000000286104451
1237, 0.000000286104451
1237, 0.000000286104451
1237, 0.000000286104451
1237, 0.000000286104451
1238, 0.000000286104451
1238, 0.000000286104451
1238, 0.000000286104451
1239, 0.000000286104451
1239, 0.000000286104451
1239, 0.000000286104451
1239, 0.000000286104451
1239, 0.000000286104451
1240, 0.000000286104451
1240, 0.000000286104451
1240, 0.000000286104451
1240, 0.000000286104451
1240, 0.000000286104451
1241, 0.000000286104451
1241, 0.000000286104451
1241, 0.000000286104451
1242, 0.000000286104451
1242, 0.000000286104451
1242, 0.000000286104451
1242, 0.000000286104451
1242, 0.000000286104451
1243, 0.000000286104451
1243, 0.000000286104451
1243, 0.000000286104451
1243, 0.000000286104451
1244, 0.000000286104451
1244, 0.000000286104451
1244, 0.000000286104451
1244, 0.000000286104451
1244, 0.000000286104451
1245, 0.000000286104451
1245, 0.000000286104451
1245, 0.000000286104451
1246, 0.000000280382362
1246, 0.000000274774714
1247, 0.000000269279220
1247, 0.000000263893636
1247, 0.000000258615763
1248, 0.000000253443448
1248, 0.000000248374579
1249, 0.000000243407087
1249, 0.000000238538946
1250, 0.000000233768167
1250, 0.000000229092803
1251, 0.000000224510947
1251, 0.000000220020728
1252, 0.000000215620314
1252, 0.000000211307907
1253, 0.000000207081749
1253, 0.000000202940114
1254, 0.000000198881312
1254, 0.000000194903686
1254, 0.000000191005612
1255, 0.000000187185500
1256, 0.000000183441790
1256, 0.000000179772954
1257, 0.000000176177495
1257, 0.000000172653945
1258, 0.000000169200866
1258, 0.000000165816849
1258, 0.000000162500512
1259, 0.000000159250502
1259, 0.000000156065492
1260, 0.000000152944182
1260, 0.000000149885298
1261, 0.000000146887592
1261, 0.000000143949840
1262, 0.000000141070843
1262, 0.000000138249427
1263, 0.000000135484438
1263, 0.000000132774749
1264, 0.000000130119254
1264, 0.000000127516869
1265, 0.000000124966532
1265, 0.000000122467201
1266, 0.000000120017857
1266, 0.000000117617500
1267, 0.000000115265150
1267, 0.000000112959847
1268, 0.000000110700650
1269, 0.000000108486637
1269, 0.000000106316904
1270, 0.000000104190566
1270, 0.000000102106755
1271, 0.000000100064620
1271, 0.000000098063327
1272, 0.000000096102061
1272, 0.000000094180020
1273, 0.000000092296419
1273, 0.000000090450491
1274, 0.000000088641481
1274, 0.000000086868651
1275, 0.000000085131278
1275, 0.000000083428653
1276, 0.000000081760080
1276, 0.000000080124878
1277, 0.000000078522381
1277, 0.000000076951933
1277, 0.000000075412894
1279, 0.000000073904637
1280, 0.000000072426544
1281, 0.000000070978013
1281, 0.000000069558453
1282, 0.000000068167284
1282, 0.000000066803938
1283, 0.000000065467859
1283, 0.000000064158502
1284, 0.000000062875332
1284, 0.000000061617825
1285, 0.000000060385469
1285, 0.000000059177759
1286, 0.000000057994204
1286, 0.000000056834320
1287, 0.000000055697634
1287, 0.000000054583681
1288, 0.000000053492007
1288, 0.000000052422167
1288, 0.000000051373724
1289, 0.000000050346249
1289, 0.000000049339324
1290, 0.000000048352538
1290, 0.000000047385487
1291, 0.000000046437777
1291, 0.000000045509022
1292, 0.000000044598841
1292, 0.000000043706865
1293, 0.000000042832727
1294, 0.000000041976073
1456, 0.000000824742219
1456, 0.000000808247375
1457, 0.000000792082427
1458, 0.000000760715963
1458, 0.000000730591611
1459, 0.000000701660183
1460, 0.000000673874440
1461, 0.000000647189012
1461, 0.000000621560327
1462, 0.000000596946538
1463, 0.000000573307455
1464, 0.000000550604480
1464, 0.000000529283954
1465, 0.000000518224532
1465, 0.000000498157824
1465, 0.000000487748784
1466, 0.000000468862158
1466, 0.000000459065253
1467, 0.000000441289313
1467, 0.000000432068544
1467, 0.000000415337971
1468, 0.000000406659457
1468, 0.000000390912775
1469, 0.000000382744627
1469, 0.000000367923977
1470, 0.000000360236181
1470, 0.000000346287104
1470, 0.000000339051412
1471, 0.000000325922652
1471, 0.000000319112477
1472, 0.000000306755792
1472, 0.000000300346110
1472, 0.000000288716098
1473, 0.000000282683356
1473, 0.000000271737281
1473, 0.000000266059313
1474, 0.000000255756955
1474, 0.000000250412897
1475, 0.000000240716400
1475, 0.000000235686616
1475, 0.000000226560350
1476, 0.000000221826357
1476, 0.000000213236789
1476, 0.000000208781193
1477, 0.000000200696760
1477, 0.000000196503188
1477, 0.000000188894185
1478, 0.000000184947229
1478, 0.000000177785696
1478, 0.000000174070852
1479, 0.000000167330475
1479, 0.000000163834093
1480, 0.000000157490104
1681, 0.000000140208793
1682, 0.000000131963394
1683, 0.000000121718833
1684, 0.000000110024185
1686, 0.000000099453149
1687, 0.000000089897769
1688, 0.000000081260463
1689, 0.000000073453023
1691, 0.000000066395715
1692, 0.000000060016468
1693, 0.000000054250133
1695, 0.000000049037824
1696, 0.000000044326309
1697, 0.000000040067472
1698, 0.000000036217821
1699, 0.000000032738042
1701, 0.000000029592597
1702, 0.000000026749364
1703, 0.000000024179306
1705, 0.000000021856178
1706, 0.000000019756254
1707, 0.000000017858089
1708, 0.000000016142298
1709, 0.000000014591359
1711, 0.000000013189432
1712, 0.000000011922202
1713, 0.000000010776727
1714, 0.000000009741307
1715, 0.000000008805370
1717, 0.000000007959357
1718, 0.000000007194629
1720, 0.000000006503374
1722, 0.000000005878535
1723, 0.000000005313730
1724, 0.000000004803191
1725, 0.000000004341705
1727, 0.000000003924557
1728, 0.000000003547489
1729, 0.000000003206649
1731, 0.000000002898557
1732, 0.000000002620066
1734, 0.000000002368332
1735, 0.000000002140784
1736, 0.000000001935099
1738, 0.000000001749177
1739, 0.000000001581117
1740, 0.000000001429205
1742, 0.000000001291888
1743, 0.000000001167764
1744, 0.000000001055566
1746, 0.000000000954148
1748, 0.000000000862475
1749, 0.000000000779609
1751, 0.000000000704705
1752, 0.000000000636997
1754, 0.000000000575795
1755, 0.000000000520473
1756, 0.000000000470466
1758, 0.000000000425264
1759, 0.000000000384405
1760, 0.000000000347472
1762, 0.000000000314087
1763, 0.000000000283910
1764, 0.000000000256632
1766, 0.000000000231975
1767, 0.000000000209687
1768, 0.000000000189540
1770, 0.000000000171330
1771, 0.000000000154868
1772, 0.000000000139989
1774, 0.000000000126539
1775, 0.000000000114381
1777, 0.000000000103391
1778, 0.000000000093458
1781, 0.000000000086202
1783, 0.000000000079510
1784, 0.000000000073338
1786, 0.000000000067644
1787, 0.000000000062393
1789, 0.000000000057549
1791, 0.000000000054165
1794, 0.000000000050980
1796, 0.000000000047982
1797, 0.000000000045160
1798, 0.000000000042504
1800, 0.000000000040005
1803, 0.000000000037652
1806, 0.000000000035438
1808, 0.000000000033354
1811, 0.000000000031392
1813, 0.000000000029546
1814, 0.000000000028376
1818, 0.000000000027252
1820, 0.000000000026173
1823, 0.000000000025137
1826, 0.000000000024141
1831, 0.000000000023185
1842, 0.000000000022267
1888, 0.000000000021385
1937, 0.000000000020539
1944, 0.000000000019725
1946, 0.000000000018944
1947, 0.000000000018194
1949, 0.000000000017830
1951, 0.000000000017473
1952, 0.000000000017124
1953, 0.000000000016782
1954, 0.000000000016446
1954, 0.000000000016117
1955, 0.000000000015795
1956, 0.000000000015479
1956, 0.000000000015169
1956, 0.000000000014866
1957, 0.000000000014568
1957, 0.000000000014277
1957, 0.000000000013992
1958, 0.000000000013712
1958, 0.000000000013712
1958, 0.000000000013712
1958, 0.000000000013712
1959, 0.000000000013712
1959, 0.000000000013712
1959, 0.000000000013712
1959, 0.000000000013712
1959, 0.000000000013712
1960, 0.000000000013712
1960, 0.000000000013712
1960, 0.000000000013712
1960, 0.000000000013712
1960, 0.000000000013712
1961, 0.000000000013712
1961, 0.000000000013712
1961, 0.000000000013712
1961, 0.000000000013712
1962, 0.000000000013712
1962, 0.000000000013712
1962, 0.000000000013712
1962, 0.000000000013712
1963, 0.000000000013712
1963, 0.000000000013712
1973, 0.000085995360301
1974, 0.000082589944033
1974, 0.000079319382249
1975, 0.000076178334712
1976, 0.000073161672658
1976, 0.000070264470421
1977, 0.000067481997392
1977, 0.000064809710295
1978, 0.000060998380852
1979, 0.000057411188071
1980, 0.000054034950923
1980, 0.000050857263529
1981, 0.000047866449575
1982, 0.000045051519409
1983, 0.000042402129655
1984, 0.000039110374310
1985, 0.000036074163990
1986, 0.000033273660263
1987, 0.000030690564793
1988, 0.000028307999777
1989, 0.000026110397668
1990, 0.000024083399454
1991, 0.000022213760841
1992, 0.000020489265713
1992, 0.000018898646316
1993, 0.000017431509629
1994, 0.000016078269462
1995, 0.000014830083820
1996, 0.000013678797126
1997, 0.000012616886936
1998, 0.000011637414788
1999, 0.000010733980865
2000, 0.000009900682180
2001, 0.000009132074005
2002, 0.000008423134297
2003, 0.000007769230883
2003, 0.000007166091194
2004, 0.000006609774349
2005, 0.000006096645404
2006, 0.000005623351604
2007, 0.000005186800472
2008, 0.000004784139608
2009, 0.000004412738047
2010, 0.000004070169073
2011, 0.000003754194359
2012, 0.000003462749343
2013, 0.000003193929740
2014, 0.000002945979097
2015, 0.000002717277320
2015, 0.000002535691862
2016, 0.000002456203480
2017, 0.000002292064608
2017, 0.000002220213407
2018, 0.000002071844867
2019, 0.000002006897072
2020, 0.000001872783663
2020, 0.000001835378543
2020, 0.000001777794480
2021, 0.000001658991139
2022, 0.000001625856098
2022, 0.000001574845695
2023, 0.000001469604660
2023, 0.000001440252237
2024, 0.000001395065060
2025, 0.000001301838091
2026, 0.000001275836471
2026, 0.000001235807754
2027, 0.000001153223354
2027, 0.000001130190017
2027, 0.000001094730883
2028, 0.000001021574122
2028, 0.000001001170215
2029, 0.000000969759012
2030, 0.000000904953652
2030, 0.000000886879007
2031, 0.000000859053632
2032, 0.000000801646298
2032, 0.000000785635011
2033, 0.000000760986115
2034, 0.000000710132265
2035, 0.000000695948789
2035, 0.000000674113752
2035, 0.000000629065256
2036, 0.000000616500932
2036, 0.000000597158531
2037, 0.000000557252664
2037, 0.000000546122654
2037, 0.000000528988335
2039, 0.000000493638027
2039, 0.000000483778592
2039, 0.000000468600286
2040, 0.000000437285485
2040, 0.000000428551579
2041, 0.000000415105993
2041, 0.000000387366015
2041, 0.000000379629151
2310, 0.189488484643971
2311, 0.174778144922248
2313, 0.161209795940147
2314, 0.148694782855289
2315, 0.137151333263833
2316, 0.126504022904108
2318, 0.116683282838660
2319, 0.107624944894654
2321, 0.097284425944732
2322, 0.087937415816193
2323, 0.079488458973106
2324, 0.071851271171374
2326, 0.064947858288321
2327, 0.058707719814433
2328, 0.053067128872973
2330, 0.047009111786451
2332, 0.041642663507212
2333, 0.036888836186747
2335, 0.032677694474970
2337, 0.028947286674854
2339, 0.025642733347605
2341, 0.022261111561293
2342, 0.019325439344812
2344, 0.016776907336442
2346, 0.014564461627680
2348, 0.012643781016981
2350, 0.011200397079206
2392, 0.009921786415266
2476, 0.008789138900523
2479, 0.007785791729384
2481, 0.007037739063743
2483, 0.006361558702169
2485, 0.005750345210955
2487, 0.005197856624961
2489, 0.004698450702087
2491, 0.004247027302356
2493, 0.003838976303177
2495, 0.003470130518864
2496, 0.003073988680740
2499, 0.002723069451695
2501, 0.002412210326348
2512, 0.001325289806232
2515, 0.001173997877288
2517, 0.001039977074746
2519, 0.000921255767937
2520, 0.000886192038462
2522, 0.000799765654797
2522, 0.000769325935948
2524, 0.000694296985543
2525, 0.000667871488386
2527, 0.000613282159950
2528, 0.000590682201990
2528, 0.000568200366155
2531, 0.000521757784094
2531, 0.000502530575550
2532, 0.000483403860942
2534, 0.000443892229452
2535, 0.000427534431395
2535, 0.000411262129863
2536, 0.000385354178397
2536, 0.000371153556236
2537, 0.000357027155792
2538, 0.000334535801610
2538, 0.000322207878924
2539, 0.000309944390005
2539, 0.000290419071162
2540, 0.000279716886707
2540, 0.000269070638850
2541, 0.000252120211018
2541, 0.000242829371431
2541, 0.000233587091833
2542, 0.000218871992632
2543, 0.000210806377561
2543, 0.000202782918657
2544, 0.000190008365317
2544, 0.000183006398932
2544, 0.000176041029392
2545, 0.000164951113462
2546, 0.000158872527660
2547, 0.000152825712514
2547, 0.000143198273334
2548, 0.000137921297793
2549, 0.000132671903170
2550, 0.000124314077398
2550, 0.000119733000193
2550, 0.000115175866687
2551, 0.000107920224731
2551, 0.000103943274640
2552, 0.000099987110685
2553, 0.000093688302643
2553, 0.000090235810724
2554, 0.000086801363781
2555, 0.000081333207691
2555, 0.000079934705411
2555, 0.000076892326754
2556, 0.000072048402344
2556, 0.000070809549755
2557, 0.000068114481802
2558, 0.000063823528270
2558, 0.000062726100143
2558, 0.000060338694731
2559, 0.000056537586238
2559, 0.000055565437893
2559, 0.000053450572998
2561, 0.000050083390001
2561, 0.000049222219797
2561, 0.000047348782843
2562, 0.000044365989440
2562, 0.000043603128376
2563, 0.000042799549515
2563, 0.000040103340526
2564, 0.000039413774545
2564, 0.000038687402901
2565, 0.000036250243522
2565, 0.000035626930491
2565, 0.000034970348056
2566, 0.000032767349009
2566, 0.000032203923397
2567, 0.000031610424879
2568, 0.000029619088225
2568, 0.000029109796097
2568, 0.000028573320444
2569, 0.000026773309829
2569, 0.000026312950083
2569, 0.000025828018583
2570, 0.000024694848524
2570, 0.000024270227352
2570, 0.000023822941977
2571, 0.000022777741995
2571, 0.000022386084946
2572, 0.000021973523157
2572, 0.000021009463973
2572, 0.000020648211981
2573, 0.000020267678123
2573, 0.000019378460627
2573, 0.000019045253292
2573, 0.000018694260978
2574, 0.000017874075072
2575, 0.000017566735236
2575, 0.000017242991101
2575, 0.000016486477736
2576, 0.000016202997257
2576, 0.000015904385974
2576, 0.000015206602134
2577, 0.000014945128766
2577, 0.000014669699227
2578, 0.000014026085630
2578, 0.000013784910921
2578, 0.000013530863484
2579, 0.000012937214795
2579, 0.000012714762922
2579, 0.000012480437655
2580, 0.000011932875006
2580, 0.000011727692481
2580, 0.000011511558316
2581, 0.000011006503963
2581, 0.000010817250135
2581, 0.000010617894862
2582, 0.000010152048808
2582, 0.000009977487103
2582, 0.000009793608147
2583, 0.000009363926579
2583, 0.000009202916421
2583, 0.000009033312327
2584, 0.000008636987729
2584, 0.000008488477086
2584, 0.000008332039669
2585, 0.000007966482480
2585, 0.000007829500991
2585, 0.000007685208099
2586, 0.000007348029787
2586, 0.000007221682423
2586, 0.000007088591253
2587, 0.000006777588714
2587, 0.000006661049928
2587, 0.000006538290871
2588, 0.000006251432031
2588, 0.000006143940366
2588, 0.000006030711321
2589, 0.000005766121860
2589, 0.000005666974970
2589, 0.000005562536104
2590, 0.000005318487210
2590, 0.000005227037276
2590, 0.000005130706191
2590, 0.000004905603262
2590, 0.000004821252755
2591, 0.000004732400029
2591, 0.000004524772255
2591, 0.000004446970032
2591, 0.000004365015107
2592, 0.000004173505859
2592, 0.000004101743566
2592, 0.000004026150953
2592, 0.000003849508920
2592, 0.000003783317666
2592, 0.000003713593446
2593, 0.000003550664459
2593, 0.000003489611754
2593, 0.000003425300354
2594, 0.000003275019844
2594, 0.000003218706773
2594, 0.000003159387985
2594, 0.000003020774028
2594, 0.000002968832644
2594, 0.000002914118883
2595, 0.000002786265782
2595, 0.000002738356703
2595, 0.000002687890472
2595, 0.000002569962842
2596, 0.000002525773034
2596, 0.000002479224589
2596, 0.000002370451898
2596, 0.000002329692625
2596, 0.000002286757822
2597, 0.000002186429356
2597, 0.000002148834300
2597, 0.000002109232605
2597, 0.000002016692822
2597, 0.000001982016340
2598, 0.000001945488997
2598, 0.000001860133247
2598, 0.000001828148764
2598, 0.000001794457106
2599, 0.000001715727681
2599, 0.000001686226212
2599, 0.000001655150099
2599, 0.000001582532584
2600, 0.000001555321369
2600, 0.000001526657751
2600, 0.000001459677667
2600, 0.000001434578909
2600, 0.000001408140501
2601, 0.000001346360204
2601, 0.000001323209909
2601, 0.000001298823963
2602, 0.000001241839784
2602, 0.000001220486689
2602, 0.000001197993869
2602, 0.000001145433477
2603, 0.000001125738061
2603, 0.000001104991401
2603, 0.000001056511369
2845, 1.597848187170787
2846, 1.534573398958823
2847, 1.473804292360054
2847, 1.415441642382596
2848, 1.359390153344245
2849, 1.305558303271813
2849, 1.253858194462249
2850, 1.204205409961544
2852, 1.156518875727067
2853, 1.088506313683309
2854, 1.024493434388221
2854, 0.964245024498719
2855, 0.907539703097998
2856, 0.854169108238211
2857, 0.803937131320938
2858, 0.741526012572172
2859, 0.683959983808331
2860, 0.630862911778920
2862, 0.581887863149765
2863, 0.536714837659780
2864, 0.495048677256950
2865, 0.447484794800889
2867, 0.404490812272304
2868, 0.365627657327460
2869, 0.330498443343555
2870, 0.298744416248266
2872, 0.270041290774683
2874, 0.244095938725952
2875, 0.220643395428807
2879, 0.199444153804664
2881, 0.183960937167565
2885, 0.166286116904580
2888, 0.150309479289166
2893, 0.135867864285656
2896, 0.122813788144604
2898, 0.108793658492943
2901, 0.096374033462294
2902, 0.085372203255705
2905, 0.075626315791639
2908, 0.065653135724102
2954, 0.056995163459805
2978, 0.049478956671027
2981, 0.042953945644527
2984, 0.036543628628351
2994, 0.024308376719127
2997, 0.021102722501655
3000, 0.018319812224706
3003, 0.015903896756553
3003, 0.015647197853620
3006, 0.013530447275434
3006, 0.013312057340881
3009, 0.011511204220932
3010, 0.011325406140110
3012, 0.009793306896556
3013, 0.009635236759726
3013, 0.009442687825899
3016, 0.008165147708857
3017, 0.008033357086016
3017, 0.007872819843337
3019, 0.006946605744614
3019, 0.006834483155978
3020, 0.006697904006159
3022, 0.005909915299972
3022, 0.005814525547564
3023, 0.005698329057243
3025, 0.005027937403806
3025, 0.004946783329724
3026, 0.004847927652405
3028, 0.004277583223014
3028, 0.004208540337654
3028, 0.004124437582818
3031, 0.003639209632157
3031, 0.003580470498319
3031, 0.003508918984408
3033, 0.003096104986463
3033, 0.003046131903415
3034, 0.002985258521170
3036, 0.002634051636513
3036, 0.002591536385332
3036, 0.002539747562658
3038, 0.002286687481548
3038, 0.002249778906445
3039, 0.002204819707145
3041, 0.001985131789287
3041, 0.001953090512845
3041, 0.001914060283978
3043, 0.001723343593140
3043, 0.001695527742942
3044, 0.001661644604695
3045, 0.001496078575762
3046, 0.001471930925976
3046, 0.001442516108517
3048, 0.001298784011362
3048, 0.001277820820016
3049, 0.001252285065923
3051, 0.001127507562436
3051, 0.001109308880770
3051, 0.001087140640632
3052, 0.000978818103880
3053, 0.000963019363654
3053, 0.000943774548363
3055, 0.000867078559574
3055, 0.000853083365917
3055, 0.000836035492920
3056, 0.000768094935609
3057, 0.000755697399939
3057, 0.000740595671535
3059, 0.000680411046489
3060, 0.000669428783975
3060, 0.000656051032930
3061, 0.000602736941388
3061, 0.000593008387815
3061, 0.000581157808979
3063, 0.000533929927194
3063, 0.000525311962135
3063, 0.000514814217164
3065, 0.000472977757920
3066, 0.000465343599234
3066, 0.000456044251835
3067, 0.000418983743172
3067, 0.000412221081865
3068, 0.000403983325825
3070, 0.000371153556594
3070, 0.000365162904602
3070, 0.000357865551178
3071, 0.000328783550240
3072, 0.000323476776816
3072, 0.000317012471885
3074, 0.000291250402933
3074, 0.000286549438129
3074, 0.000280823082858
3076, 0.000258001950362
3077, 0.000253837636507
3077, 0.000248764988321
3079, 0.000228549061976
3079, 0.000224860136276
3079, 0.000220366569530
3082, 0.000202458445205
3082, 0.000199190638480
3082, 0.000195210046615
3083, 0.000183006399109
3084, 0.000180052560650
3084, 0.000176454420879
3087, 0.000165423290102
3087, 0.000162753254089
3087, 0.000159500820720
3088, 0.000149529552198
3089, 0.000147116051118
3090, 0.000144176108956
3091, 0.000135162871968
3091, 0.000132981258148
3091, 0.000130323783287
3092, 0.000122176530927
3093, 0.000120204524825
3093, 0.000117802378031
3095, 0.000110437907186
3095, 0.000108655369859
3095, 0.000106484019414
3097, 0.000099827121061
3097, 0.000098215848499
3097, 0.000096253119675
3099, 0.000090235810811
3099, 0.000088779348034
3099, 0.000087005196632
3101, 0.000081566026008
3101, 0.000080249499014
3101, 0.000078645806665
3103, 0.000073729227221
3103, 0.000072539191092
3104, 0.000071089580226
3104, 0.000068005491650
3104, 0.000066907840215
3105, 0.000065570765308
3107, 0.000062726100203
3107, 0.000061713661469
3107, 0.000060480386147
3108, 0.000057856557629
3109, 0.000056922716376
3110, 0.000055785182486
3111, 0.000053365046604
3112, 0.000052503701166
3112, 0.000051454476125
3116, 0.000049222219844
3116, 0.000048427742238
3116, 0.000047459970467
3116, 0.000045401008349
3116, 0.000044668207501
3116, 0.000043775565634
3117, 0.000041876444533
3117, 0.000041200532363
3117, 0.000040377187926
3117, 0.000038625499091
3117, 0.000038002059226
3118, 0.000037242632534
3118, 0.000036354010741
3119, 0.000035767234128
3119, 0.000035052467800
3119, 0.000034216104077
3119, 0.000033663834623
3119, 0.000032991102273
3119, 0.000032203923428
3120, 0.000031684131836
3120, 0.000031050961531
3120, 0.000030310075099
3120, 0.000029820851411
3120, 0.000029224916585
3120, 0.000028527600203
3120, 0.000028067146782
3120, 0.000027506257691
3121, 0.000026849949090
3121, 0.000026416574014
3121, 0.000025888669688
3122, 0.000025270957284
3122, 0.000024863068129
3122, 0.000024366208801
3122, 0.000023784822828
3122, 0.000023400920819
3122, 0.000022933280794
3122, 0.000022386084967
3122, 0.000022024759467
3123, 0.000021584620417
3123, 0.000021069604083
3123, 0.000020729527412
3123, 0.000020315272060
3124, 0.000019830542806
3124, 0.000019510465364
3124, 0.000019120571540
3124, 0.000018664348244
3124, 0.000018363093917
3125, 0.000017996128969
3125, 0.000017566735253
3125, 0.000017283197090
3125, 0.000016937812617
3125, 0.000016533670686
3125, 0.000016266806836
3126, 0.000015941733732
3126, 0.000015561358580
3126, 0.000015310188459
3127, 0.000015004232255
3127, 0.000014646226205
3127, 0.000014409826896
3127, 0.000014121863365
3127, 0.000013784910934
3128, 0.000013562413796
3128, 0.000013291384824
3128, 0.000012974247892
3128, 0.000012764835366
3128, 0.000012509745065
3129, 0.000012211258322
3129, 0.000012014160927
3129, 0.000011774071977
3129, 0.000011493138643
3129, 0.000011307632152
3129, 0.000011081662353
3130, 0.000010817250145
3130, 0.000010642652920
3130, 0.000010429971953
3131, 0.000010181109299
3131, 0.000010016779787
3131, 0.000009816606162
3131, 0.000009582378623
3131, 0.000009427713001
3132, 0.000009239311187
3132, 0.000009018858101
3132, 0.000008873288055
3132, 0.000008695965775
3132, 0.000008488477094
3132, 0.000008351467731
3132, 0.000008184573420
3133, 0.000007989286733
3133, 0.000007860334617
3133, 0.000007703255026
3134, 0.000007519452759
3134, 0.000007398084059
3134, 0.000007250242004
3134, 0.000007077248781
3134, 0.000006963017531
3135, 0.000006823869773
3135, 0.000006661049935
3135, 0.000006553536396
3135, 0.000006422571639
3135, 0.000006269326910
3136, 0.000006168136028
3136, 0.000006044873046
3136, 0.000005900640333
3136, 0.000005805400285
3136, 0.000005689386152
3137, 0.000005553635476
3137, 0.000005463996305
3137, 0.000005354804731
3137, 0.000005227037281
3138, 0.000005142669610
3138, 0.000005039899374
3138, 0.000004919645673
3138, 0.000004840239495
3138, 0.000004743512972
3139, 0.000004630331150
3139, 0.000004555594691
3139, 0.000004464556461
3139, 0.000004358030636
3139, 0.000004287689279
3140, 0.000004202004825
3140, 0.000004101743570
3140, 0.000004035538848
3140, 0.000003954893325
3140, 0.000003860528234
3141, 0.000003798216879
3141, 0.000003722313958
3141, 0.000003633498290
3141, 0.000003574851341
3141, 0.000003503412119
3142, 0.000003419819523
3142, 0.000003364621483
3142, 0.000003297383459
3142, 0.000003218706776
3143, 0.000003166754823
3143, 0.000003103470933
3143, 0.000003029421068
3143, 0.000002980524305
3143, 0.000002920962014
3144, 0.000002851266874
3144, 0.000002805245632
3144, 0.000002749186080
3144, 0.000002683589571
3144, 0.000002640274747
3144, 0.000002587511945
3145, 0.000002525773036
3145, 0.000002485005470
3145, 0.000002435345543
3145, 0.000002377237375
3146, 0.000002338867268
3146, 0.000002292127742
3146, 0.000002237436800
3146, 0.000002201323162
3147, 0.000002157332294
3147, 0.000002105857616
3147, 0.000002071867749
3147, 0.000002030463896
3147, 0.000001982016342
3415, 0.008762957513491
3420, 0.008762957513491
3425, 0.008762957513491
3429, 0.008762957513491
3434, 0.008762957513491
3438, 0.008762957513491
3446, 0.008762957513491
3453, 0.008762957513491
3461, 0.008762957513491
3462, 0.008762957513491
3463, 0.008762957513491
3463, 0.008762957513491
3463, 0.008762957513491
3464, 0.008762957513491
3464, 0.008762957513491
3464, 0.008762957513491
3465, 0.008762957513491
3465, 0.008762957513491
3465, 0.008762957513491
3466, 0.008762957513491
3466, 0.008762957513491
3466, 0.008762957513491
3467, 0.008762957513491
3467, 0.008762957513491
3467, 0.008762957513491
3468, 0.008762957513491
3468, 0.008762957513491
3468, 0.008762957513491
3468, 0.008762957513491
3469, 0.008762957513491
3469, 0.008762957513491
3469, 0.008762957513491
3469, 0.008762957513491
3469, 0.008762957513491
3470, 0.008762957513491
3470, 0.008762957513491
3470, 0.008762957513491
3470, 0.008762957513491
3471, 0.008762957513491
3471, 0.008762957513491
3471, 0.008762957513491
3471, 0.008762957513491
3472, 0.008762957513491
3472, 0.008762957513491
3472, 0.008762957513491
3473, 0.008762957513491
3473, 0.008762957513491
3473, 0.008762957513491
3474, 0.008762957513491
3474, 0.008762957513491
3474, 0.008762957513491
3474, 0.008762957513491
3475, 0.008762957513491
3475, 0.008762957513491
3475, 0.008762957513491
3476, 0.008762957513491
3476, 0.008762957513491
3476, 0.008762957513491
3476, 0.008762957513491
3477, 0.008762957513491
3477, 0.008762957513491
3477, 0.008762957513491
3477, 0.008762957513491
3477, 0.008762957513491
3478, 0.008762957513491
3478, 0.008762957513491
3478, 0.008762957513491
3478, 0.008762957513491
3478, 0.008762957513491
3479, 0.008762957513491
3479, 0.008762957513491
3480, 0.008762957513491
3480, 0.008762957513491
3480, 0.008762957513491
3481, 0.008762957513491
3481, 0.008762957513491
3481, 0.008762957513491
3482, 0.008762957513491
3482, 0.008762957513491
3482, 0.008762957513491
3482, 0.008762957513491
3483, 0.008762957513491
3483, 0.008762957513491
3483, 0.008762957513491
3484, 0.008762957513491
3484, 0.008762957513491
3484, 0.008762957513491
3484, 0.008762957513491
3485, 0.008762957513491
3485, 0.008762957513491
3485, 0.008762957513491
3485, 0.008762957513491
3486, 0.008762957513491
3486, 0.008762957513491
3486, 0.008762957513491
3487, 0.008762957513491
3487, 0.008762957513491
3487, 0.008762957513491
3487, 0.008762957513491
3488, 0.008762957513491
3488, 0.008762957513491
3488, 0.008762957513491
3489, 0.008762957513491
3489, 0.008762957513491
3489, 0.008762957513491
3489, 0.008762957513491
3490, 0.008762957513491
3490, 0.008762957513491
3491, 0.008587698363221
3491, 0.008415944395957
3492, 0.008247625508038
3492, 0.008082672997877
3493, 0.007921019537920
3494, 0.007762599147161
3494, 0.007607347164218
3495, 0.007455200220934
3496, 0.007306096216515
3496, 0.007159974292185
3497, 0.007016774806341
3497, 0.006876439310214
3497, 0.006738910524010
3498, 0.006604132313530
3498, 0.006472049667259
3499, 0.006342608673914
3499, 0.006215756500436
3500, 0.006091441370427
3501, 0.005969612543018
3501, 0.005850220292158
3501, 0.005733215886315
3502, 0.005618551568588
3503, 0.005396056926472
3503, 0.005182373072184
3504, 0.004977151098526
3505, 0.004780055915024
3506, 0.004590765700789
3507, 0.004408971379038
3508, 0.004234376112428
3508, 0.004066694818376
3509, 0.003905653703568
3510, 0.003750989816907
3511, 0.003602450620157
3512, 0.003459793575599
3513, 0.003322785750005
3514, 0.003191203434305
3515, 0.003064831778307
3515, 0.002943464439886
3516, 0.002826903248066
3517, 0.002714957879443
3518, 0.002607445547417
3518, 0.002504190703739
3519, 0.002405024751871
3520, 0.002309785771697
3521, 0.002218318255138
3522, 0.002130472852234
3522, 0.002046106127286
3523, 0.001965080324645
3523, 0.001887263143789
3525, 0.001812527523295
3526, 0.001740751433373
3528, 0.001671817676611
3533, 0.001605613696617
3537, 0.001542031394231
3541, 0.001480966951020
3543, 0.001422320659759
3546, 0.001365996761633
3552, 0.001311903289872
3666, 0.000028527600203
3668, 0.000024765538139
3670, 0.000021499596003
3672, 0.000018664348245
3672, 0.000018363093918
3673, 0.000015878937327
3673, 0.000015622641286
3675, 0.000013509212716
3675, 0.000013291165521
3676, 0.000011493138643
3677, 0.000011307632152
3677, 0.000011081662353
3678, 0.000009582378623
3678, 0.000009427713002
3678, 0.000009239311188
3679, 0.000007989286733
3680, 0.000007860334617
3680, 0.000007703255027
3681, 0.000006661049935
3681, 0.000006553536397
3681, 0.000006422571639
3682, 0.000005553635476
3683, 0.000005463996305
3683, 0.000005354804732
3684, 0.000004630331150
3684, 0.000004555594691
3684, 0.000004464556462
3685, 0.000003860528234
3686, 0.000003798216879
3686, 0.000003722313959
3687, 0.000003284394669
3687, 0.000003231382473
3688, 0.000003166807075
3689, 0.000002794241536
3689, 0.000002749140719
3690, 0.000002694202359
3691, 0.000002377237375
3692, 0.000002338867268
3692, 0.000002292127742
3693, 0.000002022465655
3694, 0.000001989821786
3694, 0.000001950057526
3695, 0.000001720638994
3696, 0.000001692866797
3696, 0.000001659036835
3697, 0.000001463856031
3698, 0.000001440228473
3698, 0.000001411447192
3700, 0.000001245394581
3700, 0.000001225293129
3701, 0.000001200807080
3702, 0.000001059535658
3702, 0.000001042434086
3703, 0.000001021602261
3704, 0.000000901413759
3704, 0.000000886864374
3704, 0.000000869141427
3705, 0.000000766889494
3705, 0.000000754511415
3706, 0.000000739433388
3707, 0.000000652441224
3707, 0.000000641910412
3707, 0.000000629082584
3708, 0.000000555072868
3708, 0.000000546113643
3709, 0.000000535200200
3710, 0.000000472235471
3710, 0.000000464613293
3711, 0.000000455328540
3967, 0.051966653711739
3968, 0.051966653711739
3969, 0.051966653711739
3970, 0.051966653711739
3972, 0.051966653711739
3973, 0.051966653711739
3976, 0.051966653711739
3979, 0.051966653711739
3983, 0.051966653711739
3987, 0.051966653711739
3994, 0.051966653711739
4001, 0.051966653711739
4015, 0.051966653711739
4029, 0.051966653711739
4032, 0.051966653711739
4033, 0.051966653711739
4034, 0.051966653711739
4034, 0.051966653711739
4035, 0.051966653711739
4035, 0.051966653711739
4036, 0.051966653711739
4036, 0.051966653711739
4036, 0.051966653711739
4037, 0.051966653711739
4037, 0.051966653711739
4037, 0.051966653711739
4037, 0.051966653711739
4038, 0.051966653711739
4038, 0.051966653711739
4038, 0.051966653711739
4039, 0.051966653711739
4039, 0.051966653711739
4039, 0.051966653711739
4039, 0.051966653711739
4040, 0.051966653711739
4040, 0.051966653711739
4040, 0.051966653711739
4040, 0.051966653711739
4041, 0.051966653711739
4041, 0.051966653711739
4042, 0.051966653711739
4042, 0.051966653711739
4043, 0.051966653711739
4043, 0.051966653711739
4043, 0.051966653711739
4043, 0.051966653711739
4043, 0.051966653711739
4044, 0.051966653711739
4044, 0.051966653711739
4044, 0.051966653711739
4045, 0.051966653711739
4045, 0.051966653711739
4045, 0.051966653711739
4046, 0.051966653711739
4046, 0.051966653711739
4046, 0.051966653711739
4047, 0.051966653711739
4047, 0.051966653711739
4047, 0.051966653711739
4047, 0.051966653711739
4048, 0.051966653711739
4048, 0.051966653711739
4049, 0.051966653711739
4049, 0.051966653711739
4049, 0.051966653711739
4050, 0.051966653711739
4050, 0.051966653711739
4051, 0.051966653711739
4051, 0.051966653711739
4051, 0.051966653711739
4051, 0.051966653711739
4052, 0.051966653711739
4052, 0.051966653711739
4052, 0.051966653711739
4053, 0.051966653711739
4053, 0.051966653711739
4053, 0.051966653711739
4053, 0.051966653711739
4054, 0.051966653711739
4054, 0.051966653711739
4055, 0.051966653711739
4055, 0.051966653711739
4055, 0.051966653711739
4055, 0.051966653711739
4056, 0.051966653711739
4056, 0.051966653711739
4056, 0.051966653711739
4056, 0.051966653711739
4057, 0.051966653711739
4057, 0.051966653711739
4057, 0.051966653711739
4057, 0.051966653711739
4058, 0.051966653711739
4058, 0.051966653711739
4058, 0.051966653711739
4058, 0.051966653711739
4059, 0.051966653711739
4059, 0.051966653711739
4059, 0.051966653711739
4059, 0.051966653711739
4060, 0.051966653711739
4060, 0.051966653711739
4060, 0.051966653711739
4061, 0.051966653711739
4061, 0.051966653711739
4061, 0.051966653711739
4061, 0.051966653711739
4061, 0.051966653711739
4062, 0.051966653711739
4062, 0.051966653711739
4062, 0.051966653711739
4063, 0.051966653711739
4063, 0.051966653711739
4063, 0.051966653711739
4063, 0.051966653711739
4064, 0.051966653711739
4064, 0.051966653711739
4064, 0.051966653711739
4065, 0.050927320637504
4065, 0.049908774224754
4066, 0.048910598740259
4066, 0.047932386765453
4067, 0.046973739030144
4068, 0.046034264249541
4068, 0.045113578964551
4069, 0.043327081237554
4070, 0.041611328820547
4071, 0.039963520199254
4072, 0.038380964799363
4073, 0.036861078593308
4074, 0.035401379881013
4075, 0.033319495532971
4077, 0.031360042639668
4078, 0.029515821252114
4079, 0.027780054835920
4081, 0.026146365371129
4082, 0.024116574918056
4084, 0.022244360832670
4085, 0.020517490171605
4086, 0.018924679657402
4087, 0.017455521954187
4089, 0.015778409313389
4090, 0.014262432318795
4092, 0.012892109185911
4094, 0.011653445607761
4097, 0.010323116002448
4103, 0.009144653657544
4109, 0.008100721768176
4113, 0.007175962657838
4151, 0.002478915598348
4155, 0.002108969727175
4161, 0.001794233459625
4164, 0.001526467481328
4164, 0.001501559262228
4171, 0.001272688846522
4171, 0.001251921674588
4173, 0.001061101477676
4174, 0.001043786894550
4177, 0.000884690982405
4177, 0.000869812995967
4177, 0.000852849887722
4181, 0.000722856944222
4181, 0.000710700546082
4182, 0.000696840451615
4185, 0.000590626752393
4186, 0.000580694090044
4187, 0.000569369383754
4190, 0.000482585058401
4190, 0.000474469350095
4191, 0.000465216240540
4195, 0.000394307128230
4195, 0.000387676003664
4196, 0.000380115539467
4199, 0.000322177632038
4199, 0.000316759520477
4199, 0.000310582070774
4202, 0.000263242582126
4203, 0.000258815590504
4204, 0.000253768164336
4207, 0.000215088355470
4207, 0.000211471181000
4208, 0.000207347066333
4212, 0.000175742846333
4213, 0.000172787351435
4213, 0.000169417649489
4215, 0.000143594700743
4215, 0.000141179846232
4216, 0.000138426554404
4217, 0.000117327325191
4218, 0.000115354213237
4218, 0.000113104573355
4220, 0.000095864966918
4220, 0.000094252790796
4221, 0.000092414671223
4223, 0.000078328657602
4223, 0.000077011392332
4223, 0.000075509514814
4225, 0.000064000216127
4225, 0.000062923914495
4225, 0.000061696771215
4227, 0.000052292836232
4227, 0.000051413419437
4227, 0.000050410754033
4228, 0.000042727054480
4229, 0.000042008506931
4229, 0.000041189256295
4230, 0.000034911114334
4230, 0.000034324008671
4230, 0.000033654621255
4232, 0.000029107063450
4232, 0.000028617565417
4232, 0.000028059465156
4234, 0.000024267949013
4234, 0.000023859831124
4234, 0.000023394516281
4235, 0.000020233348181
4235, 0.000019893080805
4235, 0.000019505125595
4237, 0.000016869508767
4237, 0.000016585811603
4237, 0.000016262354815
4238, 0.000014351954268
4238, 0.000014110595211
4238, 0.000013835410137
4240, 0.000012210111993
4240, 0.000012004772632
4240, 0.000011770655347
4241, 0.000010387911785
4241, 0.000010213216650
4241, 0.000010014038320
4242, 0.000008837651229
4242, 0.000008689027067
4243, 0.000008519573510
4244, 0.000007518746872
4244, 0.000007392302931
4244, 0.000007248138110
4245, 0.000006396671815
4246, 0.000006289097986
4246, 0.000006166447887
4247, 0.000005553114130
4247, 0.000005459726542
4247, 0.000005353250860
4248, 0.000004820800165
4248, 0.000004739728016
4248, 0.000004647293757
4249, 0.000004185059714
4249, 0.000004114678911
4249, 0.000004034434371
4251, 0.000003633157196
4251, 0.000003572057824
4251, 0.000003502395490
4252, 0.000003154036528
4252, 0.000003100994603
4252, 0.000003040518952
4253, 0.000002738099643
4253, 0.000002692052594
4254, 0.000002639552137
4254, 0.000002377014213
4255, 0.000002337039593
4255, 0.000002291462606
4256, 0.000002105659929
4256, 0.000002070248718
4256, 0.000002029874691
4257, 0.000001865282805
4257, 0.000001833914053
4257, 0.000001798149029
4258, 0.000001652346561
4258, 0.000001624558791
4258, 0.000001592876617
4259, 0.000001463718612
4260, 0.000001439103027
4260, 0.000001411037615
4261, 0.000001296623980
4261, 0.000001274818452
4261, 0.000001249956920
4261, 0.000001148604473
4261, 0.000001129288213
4261, 0.000001107264814
4263, 0.000001017482521
4263, 0.000001000371359
4263, 0.000000980862099
4264, 0.000000919723612
4264, 0.000000904256476
4264, 0.000000886621650
4265, 0.000000831357300
4265, 0.000000817376234
4266, 0.000000801435749
4266, 0.000000751481153
4266, 0.000000738843377
4266, 0.000000724434440
4524, 0.052827999348579
4525, 0.052827999348579
4525, 0.052827999348579
4526, 0.052827999348579
4529, 0.052827999348579
4532, 0.052827999348579
4535, 0.052827999348579
4539, 0.052827999348579
4544, 0.052827999348579
4551, 0.052827999348579
4559, 0.052827999348579
4566, 0.052827999348579
4575, 0.052827999348579
4583, 0.052827999348579
4583, 0.052827999348579
4583, 0.052827999348579
4583, 0.052827999348579
4584, 0.052827999348579
4584, 0.052827999348579
4585, 0.052827999348579
4585, 0.052827999348579
4586, 0.052827999348579
4586, 0.052827999348579
4587, 0.052827999348579
4587, 0.052827999348579
4587, 0.052827999348579
4587, 0.052827999348579
4588, 0.052827999348579
4588, 0.052827999348579
4589, 0.052827999348579
4589, 0.052827999348579
4589, 0.052827999348579
4590, 0.052827999348579
4590, 0.052827999348579
4591, 0.052827999348579
4591, 0.052827999348579
4591, 0.052827999348579
4592, 0.052827999348579
4592, 0.052827999348579
4593, 0.052827999348579
4593, 0.052827999348579
4593, 0.052827999348579
4593, 0.052827999348579
4594, 0.052827999348579
4594, 0.052827999348579
4595, 0.052827999348579
4595, 0.052827999348579
4595, 0.052827999348579
4595, 0.052827999348579
4596, 0.052827999348579
4596, 0.052827999348579
4597, 0.052827999348579
4597, 0.052827999348579
4598, 0.052827999348579
4598, 0.052827999348579
4598, 0.052827999348579
4599, 0.052827999348579
4599, 0.052827999348579
4599, 0.052827999348579
4600, 0.052827999348579
4600, 0.052827999348579
4600, 0.052827999348579
4601, 0.052827999348579
4601, 0.052827999348579
4601, 0.052827999348579
4601, 0.052827999348579
4602, 0.052827999348579
4602, 0.052827999348579
4602, 0.052827999348579
4602, 0.052827999348579
4602, 0.052827999348579
4603, 0.052827999348579
4603, 0.052827999348579
4603, 0.052827999348579
4604, 0.052827999348579
4604, 0.052827999348579
4604, 0.052827999348579
4605, 0.052827999348579
4605, 0.052827999348579
4605, 0.052827999348579
4606, 0.052827999348579
4606, 0.052827999348579
4606, 0.052827999348579
4606, 0.052827999348579
4607, 0.052827999348579
4607, 0.052827999348579
4607, 0.052827999348579
4607, 0.052827999348579
4608, 0.052827999348579
4608, 0.052827999348579
4609, 0.052827999348579
4609, 0.052827999348579
4609, 0.052827999348579
4610, 0.052827999348579
4610, 0.052827999348579
4610, 0.052827999348579
4610, 0.052827999348579
4611, 0.052827999348579
4611, 0.052827999348579
4611, 0.052827999348579
4612, 0.052827999348579
4612, 0.052827999348579
4612, 0.052827999348579
4612, 0.052827999348579
4613, 0.052827999348579
4613, 0.052827999348579
4613, 0.052827999348579
4614, 0.052827999348579
4615, 0.052827999348579
4615, 0.052827999348579
4615, 0.052827999348579
4616, 0.052827999348579
4616, 0.052827999348579
4616, 0.052827999348579
4616, 0.052827999348579
4616, 0.052827999348579
4617, 0.052827999348579
4617, 0.052827999348579
4617, 0.052827999348579
4618, 0.052827999348579
4618, 0.052827999348579
4618, 0.052827999348579
4618, 0.052827999348579
4619, 0.052827999348579
4619, 0.051771439361607
4620, 0.050736010574375
4621, 0.049721290362887
4621, 0.048726864555630
4622, 0.047752327264517
4622, 0.046797280719227
4623, 0.045861335104842
4624, 0.044045226234690
4625, 0.042301035275797
4626, 0.040625914278875
4626, 0.039017128073432
4627, 0.037472049801724
4628, 0.035988156629576
4629, 0.033871765114503
4631, 0.031879834351650
4632, 0.030005045053098
4633, 0.028240508363615
4634, 0.026579740547768
4636, 0.024516306382322
4637, 0.022613060407859
4639, 0.020857566920365
4640, 0.019238355622414
4641, 0.017744846676872
4643, 0.016039935947252
4645, 0.014498831682061
4648, 0.013105795486718
4652, 0.011846601099052
4699, 0.002742660963326
4704, 0.002333354531077
4707, 0.001985131753614
4712, 0.001688876690927
4712, 0.001661617101029
4716, 0.001408097161575
4717, 0.001385369539500
4720, 0.001173997857325
4721, 0.001155048753281
4724, 0.000978818086290
4724, 0.000963019313200
4725, 0.000943774404171
4729, 0.000799765641197
4729, 0.000786856893323
4730, 0.000771132401485
4734, 0.000653466757305
4734, 0.000642919370446
4735, 0.000630071315763
4738, 0.000533929917599
4738, 0.000525311934613
4739, 0.000514814138510
4744, 0.000436259616454
4744, 0.000429218096906
4745, 0.000420640633178
4749, 0.000356455869348
4749, 0.000350702435206
4749, 0.000343694022841
4753, 0.000291250397699
4754, 0.000286549423116
4754, 0.000280823039954
4758, 0.000237972779955
4759, 0.000234131741457
4759, 0.000229452869494
4764, 0.000194441087281
4764, 0.000191302679174
4764, 0.000187479700125
4767, 0.000158872524959
4768, 0.000156308217038
4768, 0.000153184564816
4772, 0.000129810419906
4773, 0.000127715193635
4773, 0.000125162942346
4775, 0.000106064564155
4775, 0.000104352611745
4775, 0.000102267236621
4778, 0.000086662471146
4778, 0.000085263681385
4778, 0.000083559778079
4780, 0.000070809548551
4780, 0.000069666635475
4780, 0.000068274422418
4782, 0.000057856556589
4782, 0.000056922713394
4782, 0.000055785173963
4784, 0.000047273019089
4784, 0.000046510001208
4784, 0.000045580548673
4786, 0.000038625498397
4786, 0.000038002057236
4786, 0.000037242626844
4787, 0.000032203922850
4787, 0.000031684130176
4788, 0.000031050956787
4789, 0.000026849948608
4789, 0.000026416572630
4790, 0.000025888665733
4791, 0.000022386084565
4791, 0.000022024758313
4791, 0.000021584617119
4792, 0.000018664347909
4792, 0.000018363092955
4793, 0.000017996126220
4794, 0.000015878937042
4794, 0.000015622640466
4794, 0.000015310438737
4795, 0.000013509212473
4795, 0.000013291164824
4795, 0.000013025555137
4797, 0.000011493138436
4797, 0.000011307631559
4797, 0.000011081660659
4798, 0.000009777937195
4798, 0.000009620114804
4799, 0.000009427867118
4800, 0.000008318707403
4800, 0.000008184437948
4800, 0.000008020880726
4801, 0.000007077248654
4801, 0.000006963017167
4801, 0.000006823868730
4803, 0.000006143940261
4803, 0.000006044772991
4803, 0.000005923974680
4804, 0.000005333711416
4804, 0.000005247621776
4804, 0.000005142753678
4805, 0.000004630331067
4805, 0.000004555594453
4805, 0.000004464555779
4807, 0.000004019708627
4807, 0.000003954827863
4807, 0.000003875794866
4808, 0.000003489611695
4808, 0.000003433287048
4808, 0.000003364676485
4809, 0.000003029421014
4810, 0.000002980524149
4810, 0.000002920961568
4810, 0.000002683589523
4811, 0.000002640274609
4811, 0.000002587511550
4812, 0.000002377237333
4812, 0.000002338867145
4813, 0.000002292127392
4813, 0.000002105857579
4813, 0.000002071867641
4813, 0.000002030463586
4814, 0.000001865457891
4814, 0.000001835348164
4814, 0.000001798670697
4815, 0.000001652501660
4815, 0.000001625829187
4815, 0.000001593338733
4816, 0.000001463856005
4816, 0.000001440228398
4816, 0.000001411446977
4817, 0.000001296745688
4817, 0.000001275815353
4818, 0.000001250319550
4818, 0.000001172155396
4819, 0.000001153236030
4819, 0.000001130189844
4819, 0.000001059535639
4820, 0.000001042434031
4820, 0.000001021602104
4821, 0.000000957736299
4821, 0.000000942277800
4821, 0.000000923447388
4822, 0.000000865717759
4822, 0.000000851744500
4822, 0.000000834723299
4823, 0.000000782540286
4823, 0.000000769909567
4823, 0.000000754523750
