108, 0.868441483683149
112, 0.738837901593686
117, 0.628575966357828
124, 0.534769189060853
129, 0.445862614635641
134, 0.371736957169963
140, 0.316260057287273
146, 0.263681115014417
153, 0.219843539559253
156, 0.183294059126298
160, 0.152821011608302
165, 0.130014465749886
170, 0.110611499860729
172, 0.094104173953818
175, 0.080060351470513
179, 0.068112386606013
183, 0.057947499904191
186, 0.050305704254640
191, 0.043671666331411
193, 0.037912488621729
195, 0.032912799401449
199, 0.028572441531025
203, 0.024804466040282
204, 0.021972847253184
207, 0.019464479325121
210, 0.017242460707643
212, 0.015274102445213
215, 0.013530447275628
218, 0.011985843628797
220, 0.010617568256797
223, 0.009597440758763
224, 0.008675326297901
226, 0.007841807859699
229, 0.007088373208892
232, 0.006407327958997
234, 0.005791716994056
237, 0.005235253440107
238, 0.004732254461031
240, 0.004277583223076
242, 0.003945506566715
243, 0.003639209632209
244, 0.003356691092315
246, 0.003096104986507
248, 0.002855748659571
250, 0.002634051636551
251, 0.002429565361351
252, 0.002240953731949
254, 0.002066984370383
255, 0.001945429153529
256, 0.001831022355869
257, 0.001723343593165
258, 0.001621997203138
259, 0.001526610791616
261, 0.001436833864182
263, 0.001352336538297
264, 0.001272808331153
266, 0.001197957018815
267, 0.001127507562452
268, 0.001061201097720
271, 0.000998793983565
272, 0.000940056906979
273, 0.000884774040394
275, 0.000849736988394
276, 0.000816087403654
277, 0.000783770342469
278, 0.000752733036907
279, 0.000722924808646
280, 0.000694296986223
281, 0.000666802825569
283, 0.000640397433676
283, 0.000615037695303
285, 0.000590682202569
286, 0.000567291187347
287, 0.000544826456328
288, 0.000523251328658
289, 0.000502530576043
290, 0.000482630365231
292, 0.000463518202768
293, 0.000445162881939
295, 0.000427534431814
296, 0.000410604068314
297, 0.000394344147209
299, 0.000378728118979
299, 0.000363730485468
301, 0.000349326758243
922, 0.000000501741909
924, 0.000000435574962
925, 0.000000378133747
927, 0.000000328267560
929, 0.000000279277902
1681, 0.000000140208793
1682, 0.000000131963394
1683, 0.000000121718833
1684, 0.000000110024185
1686, 0.000000099453149
1687, 0.000000089897769
1688, 0.000000081260463
1689, 0.000000073453023
1691, 0.000000066395715
1692, 0.000000060016468
1693, 0.000000054250133
1695, 0.000000049037824
1696, 0.000000044326309
1697, 0.000000040067472
1698, 0.000000036217821
1699, 0.000000032738042
1701, 0.000000029592597
1702, 0.000000026749364
1703, 0.000000024179306
1705, 0.000000021856178
1706, 0.000000019756254
1707, 0.000000017858089
1708, 0.000000016142298
1709, 0.000000014591359
1711, 0.000000013189432
1712, 0.000000011922202
1713, 0.000000010776727
1714, 0.000000009741307
1715, 0.000000008805370
1717, 0.000000007959357
1718, 0.000000007194629
1720, 0.000000006503374
1722, 0.000000005878535
1723, 0.000000005313730
1724, 0.000000004803191
1725, 0.000000004341705
1727, 0.000000003924557
1728, 0.000000003547489
1729, 0.000000003206649
1731, 0.000000002898557
1732, 0.000000002620066
1734, 0.000000002368332
1735, 0.000000002140784
1736, 0.000000001935099
1738, 0.000000001749177
1739, 0.000000001581117
1740, 0.000000001429205
1742, 0.000000001291888
1743, 0.000000001167764
1744, 0.000000001055566
1746, 0.000000000954148
1748, 0.000000000862475
1749, 0.000000000779609
1751, 0.000000000704705
1752, 0.000000000636997
1754, 0.000000000575795
1755, 0.000000000520473
1756, 0.000000000470466
1758, 0.000000000425264
1759, 0.000000000384405
1760, 0.000000000347472
1762, 0.000000000314087
1763, 0.000000000283910
1764, 0.000000000256632
1766, 0.000000000231975
1767, 0.000000000209687
1768, 0.000000000189540
1770, 0.000000000171330
1771, 0.000000000154868
1772, 0.000000000139989
1774, 0.000000000126539
1775, 0.000000000114381
1777, 0.000000000103391
1778, 0.000000000093458
1781, 0.000000000086202
1783, 0.000000000079510
1784, 0.000000000073338
1786, 0.000000000067644
1787, 0.000000000062393
1789, 0.000000000057549
1791, 0.000000000054165
1794, 0.000000000050980
1796, 0.000000000047982
1797, 0.000000000045160
1798, 0.000000000042504
1800, 0.000000000040005
1803, 0.000000000037652
1806, 0.000000000035438
1808, 0.000000000033354
1811, 0.000000000031392
1813, 0.000000000029546
1814, 0.000000000028376
1818, 0.000000000027252
1820, 0.000000000026173
1823, 0.000000000025137
1826, 0.000000000024141
1831, 0.000000000023185
1842, 0.000000000022267
1888, 0.000000000021385
1937, 0.000000000020539
1944, 0.000000000019725
1946, 0.000000000018944
1947, 0.000000000018194
1949, 0.000000000017830
1951, 0.000000000017473
1952, 0.000000000017124
1953, 0.000000000016782
1954, 0.000000000016446
1954, 0.000000000016117
1955, 0.000000000015795
1956, 0.000000000015479
1956, 0.000000000015169
1956, 0.000000000014866
1957, 0.000000000014568
1957, 0.000000000014277
1957, 0.000000000013992
1958, 0.000000000013712
1958, 0.000000000013712
1958, 0.000000000013712
1958, 0.000000000013712
1959, 0.000000000013712
1959, 0.000000000013712
1959, 0.000000000013712
1959, 0.000000000013712
1959, 0.000000000013712
1960, 0.000000000013712
1960, 0.000000000013712
1960, 0.000000000013712
1960, 0.000000000013712
1960, 0.000000000013712
1961, 0.000000000013712
1961, 0.000000000013712
1961, 0.000000000013712
1961, 0.000000000013712
1962, 0.000000000013712
1962, 0.000000000013712
1962, 0.000000000013712
1962, 0.000000000013712
1963, 0.000000000013712
1963, 0.000000000013712
2512, 0.001325289806232
2515, 0.001173997877288
2517, 0.001039977074746
2519, 0.000921255767937
2522, 0.000799765654797
2524, 0.000694296985543
2528, 0.000590682201990
2531, 0.000502530575550
2535, 0.000427534431395
2536, 0.000371153556236
2538, 0.000322207878924
2540, 0.000279716886707
2541, 0.000242829371431
2543, 0.000210806377561
2544, 0.000183006398932
2546, 0.000158872527660
2548, 0.000137921297793
2550, 0.000119733000193
2551, 0.000103943274640
2553, 0.000090235810724
2555, 0.000079934705411
2556, 0.000070809549755
2558, 0.000062726100143
2559, 0.000055565437893
2561, 0.000049222219797
2562, 0.000043603128376
2564, 0.000039413774545
2565, 0.000035626930491
2566, 0.000032203923397
2568, 0.000029109796097
2569, 0.000026312950083
2570, 0.000024270227352
2571, 0.000022386084946
2572, 0.000020648211981
2573, 0.000019045253292
2575, 0.000017566735236
2576, 0.000016202997257
2577, 0.000014945128766
2578, 0.000013784910921
2579, 0.000012714762922
2580, 0.000011727692481
2581, 0.000010817250135
2582, 0.000009977487103
2583, 0.000009202916421
2584, 0.000008488477086
2585, 0.000007829500991
2586, 0.000007221682423
2587, 0.000006661049928
2588, 0.000006143940366
2589, 0.000005666974970
2590, 0.000005227037276
2590, 0.000004821252755
2591, 0.000004446970032
2592, 0.000004101743566
2592, 0.000003783317666
2593, 0.000003489611754
2594, 0.000003218706773
2594, 0.000002968832644
2595, 0.000002738356703
2596, 0.000002525773034
2596, 0.000002329692625
2597, 0.000002148834300
2597, 0.000001982016340
2598, 0.000001828148764
2599, 0.000001686226212
2600, 0.000001555321369
2600, 0.000001434578909
2601, 0.000001323209909
2602, 0.000001220486689
2603, 0.000001125738061
2994, 0.024308376719127
2997, 0.021102722501655
3000, 0.018319812224706
3003, 0.015903896756553
3006, 0.013530447275434
3009, 0.011511204220932
3012, 0.009793306896556
3016, 0.008165147708857
3019, 0.006946605744614
3022, 0.005909915299972
3025, 0.005027937403806
3028, 0.004277583223014
3031, 0.003639209632157
3033, 0.003096104986463
3036, 0.002634051636513
3038, 0.002286687481548
3041, 0.001985131789287
3043, 0.001723343593140
3045, 0.001496078575762
3048, 0.001298784011362
3051, 0.001127507562436
3052, 0.000978818103880
3055, 0.000867078559574
3056, 0.000768094935609
3059, 0.000680411046489
3061, 0.000602736941388
3063, 0.000533929927194
3065, 0.000472977757920
3067, 0.000418983743172
3070, 0.000371153556594
3071, 0.000328783550240
3074, 0.000291250402933
3076, 0.000258001950362
3079, 0.000228549061976
3082, 0.000202458445205
3083, 0.000183006399109
3087, 0.000165423290102
3088, 0.000149529552198
3091, 0.000135162871968
3092, 0.000122176530927
3095, 0.000110437907186
3097, 0.000099827121061
3099, 0.000090235810811
3101, 0.000081566026008
3103, 0.000073729227221
3104, 0.000068005491650
3107, 0.000062726100203
3108, 0.000057856557629
3111, 0.000053365046604
3116, 0.000049222219844
3116, 0.000045401008349
3117, 0.000041876444533
3117, 0.000038625499091
3118, 0.000036354010741
3119, 0.000034216104077
3119, 0.000032203923428
3120, 0.000030310075099
3120, 0.000028527600203
3121, 0.000026849949090
3122, 0.000025270957284
3122, 0.000023784822828
3122, 0.000022386084967
3123, 0.000021069604083
3124, 0.000019830542806
3124, 0.000018664348244
3125, 0.000017566735253
3125, 0.000016533670686
3126, 0.000015561358580
3127, 0.000014646226205
3127, 0.000013784910934
3128, 0.000012974247892
3129, 0.000012211258322
3129, 0.000011493138643
3130, 0.000010817250145
3131, 0.000010181109299
3131, 0.000009582378623
3132, 0.000009018858101
3132, 0.000008488477094
3133, 0.000007989286733
3134, 0.000007519452759
3134, 0.000007077248781
3135, 0.000006661049935
3135, 0.000006269326910
3136, 0.000005900640333
3137, 0.000005553635476
3137, 0.000005227037281
3138, 0.000004919645673
3139, 0.000004630331150
3139, 0.000004358030636
3140, 0.000004101743570
3140, 0.000003860528234
3141, 0.000003633498290
3142, 0.000003419819523
3142, 0.000003218706776
3143, 0.000003029421068
3144, 0.000002851266874
3144, 0.000002683589571
3145, 0.000002525773036
3145, 0.000002377237375
3146, 0.000002237436800
3147, 0.000002105857616
3147, 0.000001982016342
3666, 0.000028527600203
3668, 0.000024765538139
3670, 0.000021499596003
3672, 0.000018664348245
3673, 0.000015878937327
3675, 0.000013509212716
3676, 0.000011493138643
3678, 0.000009582378623
3679, 0.000007989286733
3681, 0.000006661049935
3682, 0.000005553635476
3684, 0.000004630331150
3685, 0.000003860528234
3687, 0.000003284394669
3689, 0.000002794241536
3691, 0.000002377237375
3693, 0.000002022465655
3695, 0.000001720638994
3697, 0.000001463856031
3700, 0.000001245394581
3702, 0.000001059535658
3704, 0.000000901413759
3705, 0.000000766889494
3707, 0.000000652441224
3708, 0.000000555072868
3710, 0.000000472235471
4151, 0.002478915598348
4155, 0.002108969727175
4161, 0.001794233459625
4164, 0.001526467481328
4171, 0.001272688846522
4173, 0.001061101477676
4177, 0.000884690982405
4181, 0.000722856944222
4185, 0.000590626752393
4190, 0.000482585058401
4195, 0.000394307128230
4199, 0.000322177632038
4202, 0.000263242582126
4207, 0.000215088355470
4212, 0.000175742846333
4215, 0.000143594700743
4217, 0.000117327325191
4220, 0.000095864966918
4223, 0.000078328657602
4225, 0.000064000216127
4227, 0.000052292836232
4228, 0.000042727054480
4230, 0.000034911114334
4232, 0.000029107063450
4234, 0.000024267949013
4235, 0.000020233348181
4237, 0.000016869508767
4238, 0.000014351954268
4240, 0.000012210111993
4241, 0.000010387911785
4242, 0.000008837651229
4244, 0.000007518746872
4245, 0.000006396671815
4247, 0.000005553114130
4248, 0.000004820800165
4249, 0.000004185059714
4251, 0.000003633157196
4252, 0.000003154036528
4253, 0.000002738099643
4254, 0.000002377014213
4256, 0.000002105659929
4257, 0.000001865282805
4258, 0.000001652346561
4259, 0.000001463718612
4261, 0.000001296623980
4261, 0.000001148604473
4263, 0.000001017482521
4264, 0.000000919723612
4265, 0.000000831357300
4266, 0.000000751481153
4699, 0.002742660963326
4704, 0.002333354531077
4707, 0.001985131753614
4712, 0.001688876690927
4716, 0.001408097161575
4720, 0.001173997857325
4724, 0.000978818086290
4729, 0.000799765641197
4734, 0.000653466757305
4738, 0.000533929917599
4744, 0.000436259616454
4749, 0.000356455869348
4753, 0.000291250397699
4758, 0.000237972779955
4764, 0.000194441087281
4767, 0.000158872524959
4772, 0.000129810419906
4775, 0.000106064564155
4778, 0.000086662471146
4780, 0.000070809548551
4782, 0.000057856556589
4784, 0.000047273019089
4786, 0.000038625498397
4787, 0.000032203922850
4789, 0.000026849948608
4791, 0.000022386084565
4792, 0.000018664347909
4794, 0.000015878937042
4795, 0.000013509212473
4797, 0.000011493138436
4798, 0.000009777937195
4800, 0.000008318707403
4801, 0.000007077248654
4803, 0.000006143940261
4804, 0.000005333711416
4805, 0.000004630331067
4807, 0.000004019708627
4808, 0.000003489611695
4809, 0.000003029421014
4810, 0.000002683589523
4812, 0.000002377237333
4813, 0.000002105857579
4814, 0.000001865457891
4815, 0.000001652501660
4816, 0.000001463856005
4817, 0.000001296745688
4818, 0.000001172155396
4819, 0.000001059535639
4821, 0.000000957736299
4822, 0.000000865717759
4823, 0.000000782540286
