124, 0.526137677801335
129, 0.438666111439217
135, 0.365736888734782
141, 0.311155420929661
147, 0.259425135874770
153, 0.216295126475899
157, 0.180335577658939
161, 0.150354384305588
165, 0.127915950450245
170, 0.108826160641473
173, 0.092585273363310
175, 0.078768127013131
180, 0.067013009820797
183, 0.057012190787444
186, 0.049493738528914
191, 0.042966778152787
193, 0.037300557195782
195, 0.032381566105988
199, 0.028111264343125
203, 0.024404106348114
205, 0.021618191670272
208, 0.019150310379168
211, 0.016964156540567
213, 0.015027568819245
215, 0.013312057341438
218, 0.011792384569537
220, 0.010446194023143
223, 0.009442532024927
224, 0.008535301071781
227, 0.007715236145732
230, 0.006973962404351
233, 0.006303909653394
234, 0.005698235036851
237, 0.005150753154864
239, 0.004655872895865
240, 0.004208540337830
242, 0.003881823607690
243, 0.003580470498469
245, 0.003302511985607
246, 0.003046131903543
248, 0.002809655078988
250, 0.002591536385441
252, 0.002390350647412
253, 0.002204783328408
255, 0.002033621941823
255, 0.001914028702668
256, 0.001801468502721
257, 0.001695527743013
258, 0.001595817147502
260, 0.001501970332692
261, 0.001413642461367
263, 0.001330508975499
265, 0.001252264403668
266, 0.001178621238617
267, 0.001109308880816
269, 0.001044072644153
271, 0.000982672820096
272, 0.000924883796892
275, 0.000870493230564
275, 0.000836021698634
276, 0.000802915239368
278, 0.000771119795889
279, 0.000740583451972
280, 0.000711256347274
280, 0.000683090595922
282, 0.000656040208323
283, 0.000630061016073
284, 0.000605110599837
286, 0.000581148220083
287, 0.000558134750568
288, 0.000536032614446
289, 0.000514805722914
289, 0.000494419416286
291, 0.000474840407401
293, 0.000456036727268
294, 0.000437977672868
295, 0.000420633757023
297, 0.000403976660245
298, 0.000387979184499
299, 0.000372615208793
300, 0.000357859646525
301, 0.000343688404522
301, 0.000336814636432
302, 0.000330078343703
302, 0.000323476776829
302, 0.000317007241293
303, 0.000310667096467
306, 0.000304453754537
307, 0.000298364679447
308, 0.000292397385858
308, 0.000286549438141
309, 0.000280818449378
309, 0.000275202080390
310, 0.000269698038782
310, 0.000264304078007
311, 0.000259017996447
311, 0.000253837636518
312, 0.000248760883787
313, 0.000243785666112
314, 0.000238909952789
314, 0.000234131753734
315, 0.000229449118659
316, 0.000224860136286
317, 0.000220362933560
319, 0.000215955674889
321, 0.000211636561391
322, 0.000207403830163
324, 0.000203255753560
325, 0.000199190638489
327, 0.000195206825719
328, 0.000191302689205
328, 0.000187476635420
329, 0.000183727102712
330, 0.000180052560658
331, 0.000176451509445
332, 0.000172922479256
334, 0.000169464029671
335, 0.000166074749077
335, 0.000162753254096
927, 0.000000310179538
1456, 0.000000824742219
1456, 0.000000808247375
1457, 0.000000792082427
1458, 0.000000760715963
1458, 0.000000730591611
1459, 0.000000701660183
1460, 0.000000673874440
1461, 0.000000647189012
1461, 0.000000621560327
1462, 0.000000596946538
1463, 0.000000573307455
1464, 0.000000550604480
1465, 0.000000518224532
1465, 0.000000487748784
1466, 0.000000459065253
1467, 0.000000432068544
1468, 0.000000406659457
1469, 0.000000382744627
1470, 0.000000360236181
1470, 0.000000339051412
1471, 0.000000319112477
1472, 0.000000300346110
1473, 0.000000282683356
1473, 0.000000266059313
1474, 0.000000250412897
1475, 0.000000235686616
1476, 0.000000221826357
1476, 0.000000208781193
1477, 0.000000196503188
1478, 0.000000184947229
1478, 0.000000174070852
1479, 0.000000163834093
2015, 0.000002535691862
2017, 0.000002292064608
2018, 0.000002071844867
2020, 0.000001872783663
2021, 0.000001658991139
2023, 0.000001469604660
2025, 0.000001301838091
2027, 0.000001153223354
2028, 0.000001021574122
2030, 0.000000904953652
2032, 0.000000801646298
2034, 0.000000710132265
2035, 0.000000629065256
2037, 0.000000557252664
2039, 0.000000493638027
2040, 0.000000437285485
2041, 0.000000387366015
2520, 0.000886192038462
2522, 0.000769325935948
2525, 0.000667871488386
2528, 0.000568200366155
2532, 0.000483403860942
2535, 0.000411262129863
2537, 0.000357027155792
2539, 0.000309944390005
2540, 0.000269070638850
2541, 0.000233587091833
2543, 0.000202782918657
2544, 0.000176041029392
2547, 0.000152825712514
2549, 0.000132671903170
2550, 0.000115175866687
2552, 0.000099987110685
2554, 0.000086801363781
2555, 0.000076892326754
2557, 0.000068114481802
2558, 0.000060338694731
2559, 0.000053450572998
2561, 0.000047348782843
2563, 0.000042799549515
2564, 0.000038687402901
2565, 0.000034970348056
2567, 0.000031610424879
2568, 0.000028573320444
2569, 0.000025828018583
2570, 0.000023822941977
2572, 0.000021973523157
2573, 0.000020267678123
2573, 0.000018694260978
2575, 0.000017242991101
2576, 0.000015904385974
2577, 0.000014669699227
2578, 0.000013530863484
2579, 0.000012480437655
2580, 0.000011511558316
2581, 0.000010617894862
2582, 0.000009793608147
2583, 0.000009033312327
2584, 0.000008332039669
2585, 0.000007685208099
2586, 0.000007088591253
2587, 0.000006538290871
2588, 0.000006030711321
2589, 0.000005562536104
2590, 0.000005130706191
2591, 0.000004732400029
2591, 0.000004365015107
2592, 0.000004026150953
2592, 0.000003713593446
2593, 0.000003425300354
2594, 0.000003159387985
2594, 0.000002914118883
2595, 0.000002687890472
2596, 0.000002479224589
2596, 0.000002286757822
2597, 0.000002109232605
2598, 0.000001945488997
2598, 0.000001794457106
2599, 0.000001655150099
2600, 0.000001526657751
2600, 0.000001408140501
2601, 0.000001298823963
2602, 0.000001197993869
2603, 0.000001104991401
3003, 0.015647197853620
3006, 0.013312057340881
3010, 0.011325406140110
3013, 0.009635236759726
3017, 0.008033357086016
3019, 0.006834483155978
3022, 0.005814525547564
3025, 0.004946783329724
3028, 0.004208540337654
3031, 0.003580470498319
3033, 0.003046131903415
3036, 0.002591536385332
3038, 0.002249778906445
3041, 0.001953090512845
3043, 0.001695527742942
3046, 0.001471930925976
3048, 0.001277820820016
3051, 0.001109308880770
3053, 0.000963019363654
3055, 0.000853083365917
3057, 0.000755697399939
3060, 0.000669428783975
3061, 0.000593008387815
3063, 0.000525311962135
3066, 0.000465343599234
3067, 0.000412221081865
3070, 0.000365162904602
3072, 0.000323476776816
3074, 0.000286549438129
3077, 0.000253837636507
3079, 0.000224860136276
3082, 0.000199190638480
3084, 0.000180052560650
3087, 0.000162753254089
3089, 0.000147116051118
3091, 0.000132981258148
3093, 0.000120204524825
3095, 0.000108655369859
3097, 0.000098215848499
3099, 0.000088779348034
3101, 0.000080249499014
3103, 0.000072539191092
3104, 0.000066907840215
3107, 0.000061713661469
3109, 0.000056922716376
3112, 0.000052503701166
3116, 0.000048427742238
3116, 0.000044668207501
3117, 0.000041200532363
3117, 0.000038002059226
3119, 0.000035767234128
3119, 0.000033663834623
3120, 0.000031684131836
3120, 0.000029820851411
3120, 0.000028067146782
3121, 0.000026416574014
3122, 0.000024863068129
3122, 0.000023400920819
3122, 0.000022024759467
3123, 0.000020729527412
3124, 0.000019510465364
3124, 0.000018363093917
3125, 0.000017283197090
3125, 0.000016266806836
3126, 0.000015310188459
3127, 0.000014409826896
3128, 0.000013562413796
3128, 0.000012764835366
3129, 0.000012014160927
3129, 0.000011307632152
3130, 0.000010642652920
3131, 0.000010016779787
3131, 0.000009427713001
3132, 0.000008873288055
3132, 0.000008351467731
3133, 0.000007860334617
3134, 0.000007398084059
3134, 0.000006963017531
3135, 0.000006553536396
3136, 0.000006168136028
3136, 0.000005805400285
3137, 0.000005463996305
3138, 0.000005142669610
3138, 0.000004840239495
3139, 0.000004555594691
3139, 0.000004287689279
3140, 0.000004035538848
3141, 0.000003798216879
3141, 0.000003574851341
3142, 0.000003364621483
3143, 0.000003166754823
3143, 0.000002980524305
3144, 0.000002805245632
3144, 0.000002640274747
3145, 0.000002485005470
3146, 0.000002338867268
3146, 0.000002201323162
3147, 0.000002071867749
3672, 0.000018363093918
3673, 0.000015622641286
3675, 0.000013291165521
3677, 0.000011307632152
3678, 0.000009427713002
3680, 0.000007860334617
3681, 0.000006553536397
3683, 0.000005463996305
3684, 0.000004555594691
3686, 0.000003798216879
3687, 0.000003231382473
3689, 0.000002749140719
3692, 0.000002338867268
3694, 0.000001989821786
3696, 0.000001692866797
3698, 0.000001440228473
3700, 0.000001225293129
3702, 0.000001042434086
3704, 0.000000886864374
3705, 0.000000754511415
3707, 0.000000641910412
3708, 0.000000546113643
3710, 0.000000464613293
4164, 0.001501559262228
4171, 0.001251921674588
4174, 0.001043786894550
4177, 0.000852849887722
4182, 0.000696840451615
4187, 0.000569369383754
4191, 0.000465216240540
4196, 0.000380115539467
4199, 0.000310582070774
4204, 0.000253768164336
4208, 0.000207347066333
4213, 0.000169417649489
4216, 0.000138426554404
4218, 0.000113104573355
4221, 0.000092414671223
4223, 0.000075509514814
4225, 0.000061696771215
4227, 0.000050410754033
4229, 0.000041189256295
4230, 0.000033654621255
4232, 0.000028059465156
4234, 0.000023394516281
4235, 0.000019505125595
4237, 0.000016262354815
4238, 0.000013835410137
4240, 0.000011770655347
4241, 0.000010014038320
4243, 0.000008519573510
4244, 0.000007248138110
4246, 0.000006166447887
4247, 0.000005353250860
4248, 0.000004647293757
4249, 0.000004034434371
4251, 0.000003502395490
4252, 0.000003040518952
4254, 0.000002639552137
4255, 0.000002291462606
4256, 0.000002029874691
4257, 0.000001798149029
4258, 0.000001592876617
4260, 0.000001411037615
4261, 0.000001249956920
4261, 0.000001107264814
4263, 0.000000980862099
4264, 0.000000886621650
4266, 0.000000801435749
4266, 0.000000724434440
4712, 0.001661617101029
4717, 0.001385369539500
4721, 0.001155048753281
4724, 0.000963019313200
4729, 0.000786856893323
4734, 0.000642919370446
4738, 0.000525311934613
4744, 0.000429218096906
4749, 0.000350702435206
4754, 0.000286549423116
4759, 0.000234131741457
4764, 0.000191302679174
4768, 0.000156308217038
4773, 0.000127715193635
4775, 0.000104352611745
4778, 0.000085263681385
4780, 0.000069666635475
4782, 0.000056922713394
4784, 0.000046510001208
4786, 0.000038002057236
4787, 0.000031684130176
4789, 0.000026416572630
4791, 0.000022024758313
4792, 0.000018363092955
4794, 0.000015622640466
4795, 0.000013291164824
4797, 0.000011307631559
4798, 0.000009620114804
4800, 0.000008184437948
4801, 0.000006963017167
4803, 0.000006044772991
4804, 0.000005247621776
4805, 0.000004555594453
4807, 0.000003954827863
4808, 0.000003433287048
4810, 0.000002980524149
4811, 0.000002640274609
4812, 0.000002338867145
4813, 0.000002071867641
4814, 0.000001835348164
4815, 0.000001625829187
4816, 0.000001440228398
4817, 0.000001275815353
4819, 0.000001153236030
4820, 0.000001042434031
4821, 0.000000942277800
4822, 0.000000851744500
4823, 0.000000769909567
