142, 0.304937343894224
148, 0.254240828061721
153, 0.211972721438576
157, 0.176731782132051
161, 0.147349727849870
165, 0.125359699842159
170, 0.106651397147661
173, 0.090735064999914
176, 0.077194038153482
180, 0.065673833224750
184, 0.055872868858820
187, 0.048504664072087
191, 0.042108137362534
194, 0.036555149201876
195, 0.031734458393792
199, 0.027549493615406
203, 0.023916418835552
206, 0.021186177403026
208, 0.018767613832103
211, 0.016625147720167
213, 0.014727260438648
215, 0.013046031450576
218, 0.011556727561005
221, 0.010237439057637
223, 0.009253834070171
225, 0.008364733066164
227, 0.007561056178186
230, 0.006834595925236
233, 0.006177933394545
235, 0.005584362476574
237, 0.005047821379445
239, 0.004562830723412
241, 0.004124437583170
242, 0.003804249904624
244, 0.003508918984708
245, 0.003236515147514
246, 0.002985258521425
249, 0.002753507409531
250, 0.002539747562875
252, 0.002342582286434
253, 0.002160723313187
255, 0.001992982386653
256, 0.001875779078459
257, 0.001765468262413
258, 0.001661644604837
259, 0.001563926608915
260, 0.001471955212898
262, 0.001385392470738
263, 0.001303920310319
265, 0.001227239364710
266, 0.001155067872150
267, 0.001087140640725
269, 0.001023208073925
271, 0.000963035253513
272, 0.000906401076325
275, 0.000853097441828
276, 0.000819314783132
277, 0.000786869917720
278, 0.000755709868978
279, 0.000725783758167
280, 0.000697042721343
281, 0.000669439829578
282, 0.000642930012327
283, 0.000617469983839
285, 0.000593018172479
286, 0.000569534652848
287, 0.000546981080596
288, 0.000525320629804
289, 0.000504517932864
290, 0.000484539022722
292, 0.000465351277423
293, 0.000446923366837
294, 0.000429225201510
296, 0.000412227883530
297, 0.000395903659342
298, 0.000380225874432
299, 0.000365168929805
300, 0.000350708240185
301, 0.000336820193873
302, 0.000330083789996
302, 0.000323482114196
302, 0.000317012471912
303, 0.000310672222474
305, 0.000304458778024
306, 0.000298369602464
307, 0.000292402210415
308, 0.000286554166206
309, 0.000280823082882
309, 0.000275206621224
310, 0.000269702488800
310, 0.000264308439024
310, 0.000259022270243
311, 0.000253841824839
312, 0.000248764988342
312, 0.000243789688575
314, 0.000238913894804
314, 0.000234135616907
315, 0.000229452904569
316, 0.000224863846478
317, 0.000220366569548
318, 0.000215959238157
320, 0.000211640053394
321, 0.000207407252326
323, 0.000203259107280
324, 0.000199193925134
326, 0.000195210046632
327, 0.000191305845699
328, 0.000187479728785
328, 0.000183730134209
330, 0.000180055531525
331, 0.000176454420895
332, 0.000172925332477
333, 0.000169466825827
334, 0.000166077489311
335, 0.000162755939524
336, 0.000159500820734
337, 0.000159500820734
337, 0.000159500820734
338, 0.000159500820734
339, 0.000159500820734
339, 0.000159500820734
340, 0.000159500820734
340, 0.000159500820734
340, 0.000159500820734
340, 0.000159500820734
341, 0.000159500820734
341, 0.000159500820734
342, 0.000159500820734
343, 0.000159500820734
343, 0.000159500820734
343, 0.000159500820734
344, 0.000159500820734
344, 0.000159500820734
345, 0.000159500820734
345, 0.000159500820734
345, 0.000159500820734
345, 0.000159500820734
346, 0.000159500820734
346, 0.000159500820734
347, 0.000159500820734
348, 0.000159500820734
349, 0.000159500820734
349, 0.000159500820734
350, 0.000159500820734
351, 0.000159500820734
352, 0.000159500820734
353, 0.000159500820734
354, 0.000159500820734
355, 0.000159500820734
355, 0.000159500820734
358, 0.000159500820734
358, 0.000159500820734
358, 0.000159500820734
358, 0.000159500820734
359, 0.000159500820734
359, 0.000159500820734
359, 0.000159500820734
360, 0.000159500820734
360, 0.000159500820734
360, 0.000159500820734
360, 0.000159500820734
360, 0.000159500820734
361, 0.000159500820734
361, 0.000159500820734
361, 0.000159500820734
361, 0.000159500820734
362, 0.000159500820734
362, 0.000159500820734
362, 0.000159500820734
362, 0.000159500820734
362, 0.000159500820734
362, 0.000159500820734
363, 0.000159500820734
363, 0.000159500820734
363, 0.000159500820734
363, 0.000159500820734
363, 0.000159500820734
363, 0.000159500820734
364, 0.000159500820734
364, 0.000159500820734
364, 0.000159500820734
365, 0.000159500820734
365, 0.000159500820734
365, 0.000159500820734
365, 0.000159500820734
365, 0.000159500820734
365, 0.000159500820734
365, 0.000159500820734
1123, 0.000000286104451
1124, 0.000000286104451
1124, 0.000000286104451
1124, 0.000000286104451
1124, 0.000000286104451
1124, 0.000000286104451
1125, 0.000000286104451
1125, 0.000000286104451
1125, 0.000000286104451
1125, 0.000000286104451
1126, 0.000000286104451
1126, 0.000000286104451
1126, 0.000000286104451
1126, 0.000000286104451
1127, 0.000000286104451
1127, 0.000000286104451
1127, 0.000000286104451
1127, 0.000000286104451
1127, 0.000000286104451
1127, 0.000000286104451
1128, 0.000000286104451
1128, 0.000000286104451
1128, 0.000000286104451
1128, 0.000000286104451
1128, 0.000000286104451
1129, 0.000000286104451
1129, 0.000000286104451
1129, 0.000000286104451
1129, 0.000000286104451
1130, 0.000000286104451
1130, 0.000000286104451
1130, 0.000000286104451
1130, 0.000000286104451
1130, 0.000000286104451
1131, 0.000000286104451
1131, 0.000000286104451
1131, 0.000000286104451
1132, 0.000000286104451
1132, 0.000000286104451
1132, 0.000000286104451
1132, 0.000000286104451
1132, 0.000000286104451
1133, 0.000000286104451
1133, 0.000000286104451
1133, 0.000000286104451
1133, 0.000000286104451
1133, 0.000000286104451
1134, 0.000000286104451
1134, 0.000000286104451
1134, 0.000000286104451
1134, 0.000000286104451
1134, 0.000000286104451
1135, 0.000000286104451
1135, 0.000000286104451
1135, 0.000000286104451
1135, 0.000000286104451
1135, 0.000000286104451
1135, 0.000000286104451
1136, 0.000000286104451
1136, 0.000000286104451
1136, 0.000000286104451
1137, 0.000000286104451
1137, 0.000000286104451
1137, 0.000000286104451
1137, 0.000000286104451
1137, 0.000000286104451
1138, 0.000000286104451
1138, 0.000000286104451
1138, 0.000000286104451
1138, 0.000000286104451
1138, 0.000000286104451
1138, 0.000000286104451
1139, 0.000000286104451
1139, 0.000000286104451
1139, 0.000000286104451
1139, 0.000000286104451
1140, 0.000000286104451
1140, 0.000000286104451
1140, 0.000000286104451
1140, 0.000000286104451
1140, 0.000000286104451
1141, 0.000000286104451
1141, 0.000000286104451
1141, 0.000000286104451
1141, 0.000000286104451
1141, 0.000000286104451
1142, 0.000000286104451
1142, 0.000000286104451
1142, 0.000000286104451
1142, 0.000000286104451
1142, 0.000000286104451
1143, 0.000000286104451
1143, 0.000000286104451
1143, 0.000000286104451
1143, 0.000000286104451
1143, 0.000000286104451
1144, 0.000000286104451
1144, 0.000000286104451
1144, 0.000000286104451
1145, 0.000000286104451
1145, 0.000000286104451
1145, 0.000000286104451
1145, 0.000000286104451
1145, 0.000000286104451
1146, 0.000000286104451
1146, 0.000000286104451
1146, 0.000000286104451
1146, 0.000000286104451
1146, 0.000000286104451
1147, 0.000000286104451
1147, 0.000000286104451
1147, 0.000000286104451
1147, 0.000000286104451
1147, 0.000000286104451
1148, 0.000000286104451
1148, 0.000000286104451
1148, 0.000000286104451
1148, 0.000000286104451
1149, 0.000000286104451
1149, 0.000000286104451
1149, 0.000000286104451
1149, 0.000000286104451
1149, 0.000000286104451
1150, 0.000000286104451
1150, 0.000000286104451
1150, 0.000000286104451
1150, 0.000000286104451
1150, 0.000000286104451
1150, 0.000000286104451
1151, 0.000000286104451
1151, 0.000000286104451
1151, 0.000000286104451
1151, 0.000000286104451
1151, 0.000000286104451
1152, 0.000000286104451
1152, 0.000000286104451
1152, 0.000000286104451
1153, 0.000000286104451
1153, 0.000000286104451
1153, 0.000000286104451
1153, 0.000000286104451
1153, 0.000000286104451
1153, 0.000000286104451
1154, 0.000000286104451
1154, 0.000000286104451
1154, 0.000000286104451
1154, 0.000000286104451
1154, 0.000000286104451
1155, 0.000000286104451
1155, 0.000000286104451
1155, 0.000000286104451
1155, 0.000000286104451
1155, 0.000000286104451
1156, 0.000000286104451
1156, 0.000000286104451
1156, 0.000000286104451
1156, 0.000000286104451
1157, 0.000000286104451
1157, 0.000000286104451
1157, 0.000000286104451
1157, 0.000000286104451
1157, 0.000000286104451
1158, 0.000000286104451
1158, 0.000000286104451
1158, 0.000000286104451
1158, 0.000000286104451
1158, 0.000000286104451
1159, 0.000000286104451
1159, 0.000000286104451
1159, 0.000000286104451
1159, 0.000000286104451
1159, 0.000000286104451
1160, 0.000000286104451
1160, 0.000000286104451
1160, 0.000000286104451
1160, 0.000000286104451
1160, 0.000000286104451
1161, 0.000000286104451
1161, 0.000000286104451
1161, 0.000000286104451
1161, 0.000000286104451
1161, 0.000000286104451
1162, 0.000000286104451
1162, 0.000000286104451
1162, 0.000000286104451
1162, 0.000000286104451
1163, 0.000000286104451
1163, 0.000000286104451
1163, 0.000000286104451
1163, 0.000000286104451
1163, 0.000000286104451
1163, 0.000000286104451
1164, 0.000000286104451
1164, 0.000000286104451
1164, 0.000000286104451
1164, 0.000000286104451
1164, 0.000000286104451
1165, 0.000000286104451
1165, 0.000000286104451
1165, 0.000000286104451
1165, 0.000000286104451
1165, 0.000000286104451
1166, 0.000000286104451
1166, 0.000000286104451
1166, 0.000000286104451
1167, 0.000000286104451
1167, 0.000000286104451
1167, 0.000000286104451
1167, 0.000000286104451
1167, 0.000000286104451
1168, 0.000000286104451
1168, 0.000000286104451
1168, 0.000000286104451
1168, 0.000000286104451
1168, 0.000000286104451
1169, 0.000000286104451
1169, 0.000000286104451
1169, 0.000000286104451
1169, 0.000000286104451
1169, 0.000000286104451
1170, 0.000000286104451
1170, 0.000000286104451
1170, 0.000000286104451
1170, 0.000000286104451
1170, 0.000000286104451
1171, 0.000000286104451
1171, 0.000000286104451
1171, 0.000000286104451
1171, 0.000000286104451
1172, 0.000000286104451
1172, 0.000000286104451
1172, 0.000000286104451
1172, 0.000000286104451
1172, 0.000000286104451
1173, 0.000000286104451
1173, 0.000000286104451
1173, 0.000000286104451
1173, 0.000000286104451
1173, 0.000000286104451
1174, 0.000000286104451
1174, 0.000000286104451
1174, 0.000000286104451
1174, 0.000000286104451
1175, 0.000000286104451
1175, 0.000000286104451
1175, 0.000000286104451
1175, 0.000000286104451
1176, 0.000000286104451
1176, 0.000000286104451
1176, 0.000000286104451
1176, 0.000000286104451
1176, 0.000000286104451
1177, 0.000000286104451
1177, 0.000000286104451
1177, 0.000000286104451
1177, 0.000000286104451
1177, 0.000000286104451
1178, 0.000000286104451
1178, 0.000000286104451
1178, 0.000000286104451
1178, 0.000000286104451
1178, 0.000000286104451
1179, 0.000000286104451
1179, 0.000000286104451
1179, 0.000000286104451
1179, 0.000000286104451
1180, 0.000000286104451
1180, 0.000000286104451
1180, 0.000000286104451
1180, 0.000000286104451
1180, 0.000000286104451
1181, 0.000000286104451
1181, 0.000000286104451
1181, 0.000000286104451
1181, 0.000000286104451
1182, 0.000000286104451
1182, 0.000000286104451
1182, 0.000000286104451
1182, 0.000000286104451
1183, 0.000000286104451
1183, 0.000000286104451
1183, 0.000000286104451
1183, 0.000000286104451
1183, 0.000000286104451
1183, 0.000000286104451
1184, 0.000000286104451
1184, 0.000000286104451
1184, 0.000000286104451
1184, 0.000000286104451
1185, 0.000000286104451
1185, 0.000000286104451
1185, 0.000000286104451
1185, 0.000000286104451
1185, 0.000000286104451
1186, 0.000000286104451
1186, 0.000000286104451
1186, 0.000000286104451
1186, 0.000000286104451
1186, 0.000000286104451
1187, 0.000000286104451
1187, 0.000000286104451
1187, 0.000000286104451
1187, 0.000000286104451
1187, 0.000000286104451
1188, 0.000000286104451
1188, 0.000000286104451
1188, 0.000000286104451
1188, 0.000000286104451
1189, 0.000000286104451
1189, 0.000000286104451
1189, 0.000000286104451
1189, 0.000000286104451
1190, 0.000000286104451
1190, 0.000000286104451
1190, 0.000000286104451
1190, 0.000000286104451
1191, 0.000000286104451
1191, 0.000000286104451
1191, 0.000000286104451
1191, 0.000000286104451
1192, 0.000000286104451
1192, 0.000000286104451
1192, 0.000000286104451
1192, 0.000000286104451
1192, 0.000000286104451
1193, 0.000000286104451
1193, 0.000000286104451
1194, 0.000000286104451
1194, 0.000000286104451
1194, 0.000000286104451
1194, 0.000000286104451
1195, 0.000000286104451
1195, 0.000000286104451
1195, 0.000000286104451
1196, 0.000000286104451
1196, 0.000000286104451
1196, 0.000000286104451
1196, 0.000000286104451
1197, 0.000000286104451
1197, 0.000000286104451
1197, 0.000000286104451
1198, 0.000000286104451
1198, 0.000000286104451
1198, 0.000000286104451
1198, 0.000000286104451
1199, 0.000000286104451
1199, 0.000000286104451
1199, 0.000000286104451
1199, 0.000000286104451
1199, 0.000000286104451
1199, 0.000000286104451
1200, 0.000000286104451
1200, 0.000000286104451
1200, 0.000000286104451
1200, 0.000000286104451
1201, 0.000000286104451
1201, 0.000000286104451
1201, 0.000000286104451
1201, 0.000000286104451
1202, 0.000000286104451
1202, 0.000000286104451
1202, 0.000000286104451
1202, 0.000000286104451
1203, 0.000000286104451
1203, 0.000000286104451
1203, 0.000000286104451
1204, 0.000000286104451
1204, 0.000000286104451
1204, 0.000000286104451
1205, 0.000000286104451
1205, 0.000000286104451
1205, 0.000000286104451
1205, 0.000000286104451
1205, 0.000000286104451
1206, 0.000000286104451
1206, 0.000000286104451
1206, 0.000000286104451
1206, 0.000000286104451
1206, 0.000000286104451
1207, 0.000000286104451
1207, 0.000000286104451
1207, 0.000000286104451
1207, 0.000000286104451
1208, 0.000000286104451
1208, 0.000000286104451
1208, 0.000000286104451
1208, 0.000000286104451
1209, 0.000000286104451
1209, 0.000000286104451
1209, 0.000000286104451
1209, 0.000000286104451
1210, 0.000000286104451
1210, 0.000000286104451
1210, 0.000000286104451
1210, 0.000000286104451
1211, 0.000000286104451
1211, 0.000000286104451
1211, 0.000000286104451
1211, 0.000000286104451
1211, 0.000000286104451
1212, 0.000000286104451
1212, 0.000000286104451
1212, 0.000000286104451
1212, 0.000000286104451
1212, 0.000000286104451
1213, 0.000000286104451
1213, 0.000000286104451
1213, 0.000000286104451
1213, 0.000000286104451
1214, 0.000000286104451
1214, 0.000000286104451
1214, 0.000000286104451
1214, 0.000000286104451
1215, 0.000000286104451
1215, 0.000000286104451
1215, 0.000000286104451
1215, 0.000000286104451
1215, 0.000000286104451
1216, 0.000000286104451
1216, 0.000000286104451
1216, 0.000000286104451
1216, 0.000000286104451
1216, 0.000000286104451
1217, 0.000000286104451
1217, 0.000000286104451
1217, 0.000000286104451
1217, 0.000000286104451
1218, 0.000000286104451
1218, 0.000000286104451
1218, 0.000000286104451
1218, 0.000000286104451
1219, 0.000000286104451
1219, 0.000000286104451
1219, 0.000000286104451
1219, 0.000000286104451
1219, 0.000000286104451
1220, 0.000000286104451
1220, 0.000000286104451
1220, 0.000000286104451
1220, 0.000000286104451
1221, 0.000000286104451
1221, 0.000000286104451
1221, 0.000000286104451
1221, 0.000000286104451
1222, 0.000000286104451
1222, 0.000000286104451
1222, 0.000000286104451
1222, 0.000000286104451
1223, 0.000000286104451
1223, 0.000000286104451
1223, 0.000000286104451
1223, 0.000000286104451
1223, 0.000000286104451
1224, 0.000000286104451
1224, 0.000000286104451
1224, 0.000000286104451
1224, 0.000000286104451
1225, 0.000000286104451
1225, 0.000000286104451
1225, 0.000000286104451
1225, 0.000000286104451
1225, 0.000000286104451
1226, 0.000000286104451
1226, 0.000000286104451
1226, 0.000000286104451
1226, 0.000000286104451
1227, 0.000000286104451
1227, 0.000000286104451
1227, 0.000000286104451
1227, 0.000000286104451
1227, 0.000000286104451
1228, 0.000000286104451
1228, 0.000000286104451
1228, 0.000000286104451
1228, 0.000000286104451
1229, 0.000000286104451
1229, 0.000000286104451
1229, 0.000000286104451
1229, 0.000000286104451
1230, 0.000000286104451
1230, 0.000000286104451
1230, 0.000000286104451
1231, 0.000000286104451
1231, 0.000000286104451
1231, 0.000000286104451
1231, 0.000000286104451
1232, 0.000000286104451
1232, 0.000000286104451
1233, 0.000000286104451
1233, 0.000000286104451
1233, 0.000000286104451
1233, 0.000000286104451
1234, 0.000000286104451
1234, 0.000000286104451
1234, 0.000000286104451
1234, 0.000000286104451
1235, 0.000000286104451
1235, 0.000000286104451
1235, 0.000000286104451
1235, 0.000000286104451
1235, 0.000000286104451
1236, 0.000000286104451
1236, 0.000000286104451
1236, 0.000000286104451
1237, 0.000000286104451
1237, 0.000000286104451
1237, 0.000000286104451
1237, 0.000000286104451
1237, 0.000000286104451
1237, 0.000000286104451
1238, 0.000000286104451
1238, 0.000000286104451
1238, 0.000000286104451
1239, 0.000000286104451
1239, 0.000000286104451
1239, 0.000000286104451
1239, 0.000000286104451
1239, 0.000000286104451
1240, 0.000000286104451
1240, 0.000000286104451
1240, 0.000000286104451
1240, 0.000000286104451
1240, 0.000000286104451
1241, 0.000000286104451
1241, 0.000000286104451
1241, 0.000000286104451
1242, 0.000000286104451
1242, 0.000000286104451
1242, 0.000000286104451
1242, 0.000000286104451
1242, 0.000000286104451
1243, 0.000000286104451
1243, 0.000000286104451
1243, 0.000000286104451
1243, 0.000000286104451
1244, 0.000000286104451
1244, 0.000000286104451
1244, 0.000000286104451
1244, 0.000000286104451
1244, 0.000000286104451
1245, 0.000000286104451
1245, 0.000000286104451
1245, 0.000000286104451
1246, 0.000000280382362
1246, 0.000000274774714
1247, 0.000000269279220
1247, 0.000000263893636
1247, 0.000000258615763
1248, 0.000000253443448
1248, 0.000000248374579
1249, 0.000000243407087
1249, 0.000000238538946
1250, 0.000000233768167
1250, 0.000000229092803
1251, 0.000000224510947
1251, 0.000000220020728
1252, 0.000000215620314
1252, 0.000000211307907
1253, 0.000000207081749
1253, 0.000000202940114
1254, 0.000000198881312
1254, 0.000000194903686
1254, 0.000000191005612
1255, 0.000000187185500
1256, 0.000000183441790
1256, 0.000000179772954
1257, 0.000000176177495
1257, 0.000000172653945
1258, 0.000000169200866
1258, 0.000000165816849
1258, 0.000000162500512
1259, 0.000000159250502
1259, 0.000000156065492
1260, 0.000000152944182
1260, 0.000000149885298
1261, 0.000000146887592
1261, 0.000000143949840
1262, 0.000000141070843
1262, 0.000000138249427
1263, 0.000000135484438
1263, 0.000000132774749
1264, 0.000000130119254
1264, 0.000000127516869
1265, 0.000000124966532
1265, 0.000000122467201
1266, 0.000000120017857
1266, 0.000000117617500
1267, 0.000000115265150
1267, 0.000000112959847
1268, 0.000000110700650
1269, 0.000000108486637
1269, 0.000000106316904
1270, 0.000000104190566
1270, 0.000000102106755
1271, 0.000000100064620
1271, 0.000000098063327
1272, 0.000000096102061
1272, 0.000000094180020
1273, 0.000000092296419
1273, 0.000000090450491
1274, 0.000000088641481
1274, 0.000000086868651
1275, 0.000000085131278
1275, 0.000000083428653
1276, 0.000000081760080
1276, 0.000000080124878
1277, 0.000000078522381
1277, 0.000000076951933
1277, 0.000000075412894
1279, 0.000000073904637
1280, 0.000000072426544
1281, 0.000000070978013
1281, 0.000000069558453
1282, 0.000000068167284
1282, 0.000000066803938
1283, 0.000000065467859
1283, 0.000000064158502
1284, 0.000000062875332
1284, 0.000000061617825
1285, 0.000000060385469
1285, 0.000000059177759
1286, 0.000000057994204
1286, 0.000000056834320
1287, 0.000000055697634
1287, 0.000000054583681
1288, 0.000000053492007
1288, 0.000000052422167
1288, 0.000000051373724
1289, 0.000000050346249
1289, 0.000000049339324
1290, 0.000000048352538
1290, 0.000000047385487
1291, 0.000000046437777
1291, 0.000000045509022
1292, 0.000000044598841
1292, 0.000000043706865
1293, 0.000000042832727
1294, 0.000000041976073
2020, 0.000001835378543
2022, 0.000001625856098
2023, 0.000001440252237
2026, 0.000001275836471
2027, 0.000001130190017
2028, 0.000001001170215
2030, 0.000000886879007
2032, 0.000000785635011
2035, 0.000000695948789
2036, 0.000000616500932
2037, 0.000000546122654
2039, 0.000000483778592
2040, 0.000000428551579
2041, 0.000000379629151
2527, 0.000613282159950
2531, 0.000521757784094
2534, 0.000443892229452
2536, 0.000385354178397
2538, 0.000334535801610
2539, 0.000290419071162
2541, 0.000252120211018
2542, 0.000218871992632
2544, 0.000190008365317
2545, 0.000164951113462
2547, 0.000143198273334
2550, 0.000124314077398
2551, 0.000107920224731
2553, 0.000093688302643
2555, 0.000081333207691
2556, 0.000072048402344
2558, 0.000063823528270
2559, 0.000056537586238
2561, 0.000050083390001
2562, 0.000044365989440
2563, 0.000040103340526
2565, 0.000036250243522
2566, 0.000032767349009
2568, 0.000029619088225
2569, 0.000026773309829
2570, 0.000024694848524
2571, 0.000022777741995
2572, 0.000021009463973
2573, 0.000019378460627
2574, 0.000017874075072
2575, 0.000016486477736
2576, 0.000015206602134
2578, 0.000014026085630
2579, 0.000012937214795
2580, 0.000011932875006
2581, 0.000011006503963
2582, 0.000010152048808
2583, 0.000009363926579
2584, 0.000008636987729
2585, 0.000007966482480
2586, 0.000007348029787
2587, 0.000006777588714
2588, 0.000006251432031
2589, 0.000005766121860
2590, 0.000005318487210
2590, 0.000004905603262
2591, 0.000004524772255
2592, 0.000004173505859
2592, 0.000003849508920
2593, 0.000003550664459
2594, 0.000003275019844
2594, 0.000003020774028
2595, 0.000002786265782
2595, 0.000002569962842
2596, 0.000002370451898
2597, 0.000002186429356
2597, 0.000002016692822
2598, 0.000001860133247
2599, 0.000001715727681
2599, 0.000001582532584
2600, 0.000001459677667
2601, 0.000001346360204
2602, 0.000001241839784
2602, 0.000001145433477
2603, 0.000001056511369
3013, 0.009442687825899
3017, 0.007872819843337
3020, 0.006697904006159
3023, 0.005698329057243
3026, 0.004847927652405
3028, 0.004124437582818
3031, 0.003508918984408
3034, 0.002985258521170
3036, 0.002539747562658
3039, 0.002204819707145
3041, 0.001914060283978
3044, 0.001661644604695
3046, 0.001442516108517
3049, 0.001252285065923
3051, 0.001087140640632
3053, 0.000943774548363
3055, 0.000836035492920
3057, 0.000740595671535
3060, 0.000656051032930
3061, 0.000581157808979
3063, 0.000514814217164
3066, 0.000456044251835
3068, 0.000403983325825
3070, 0.000357865551178
3072, 0.000317012471885
3074, 0.000280823082858
3077, 0.000248764988321
3079, 0.000220366569530
3082, 0.000195210046615
3084, 0.000176454420879
3087, 0.000159500820720
3090, 0.000144176108956
3091, 0.000130323783287
3093, 0.000117802378031
3095, 0.000106484019414
3097, 0.000096253119675
3099, 0.000087005196632
3101, 0.000078645806665
3104, 0.000071089580226
3105, 0.000065570765308
3107, 0.000060480386147
3110, 0.000055785182486
3112, 0.000051454476125
3116, 0.000047459970467
3116, 0.000043775565634
3117, 0.000040377187926
3118, 0.000037242632534
3119, 0.000035052467800
3119, 0.000032991102273
3120, 0.000031050961531
3120, 0.000029224916585
3120, 0.000027506257691
3121, 0.000025888669688
3122, 0.000024366208801
3122, 0.000022933280794
3123, 0.000021584620417
3123, 0.000020315272060
3124, 0.000019120571540
3125, 0.000017996128969
3125, 0.000016937812617
3126, 0.000015941733732
3127, 0.000015004232255
3127, 0.000014121863365
3128, 0.000013291384824
3128, 0.000012509745065
3129, 0.000011774071977
3129, 0.000011081662353
3130, 0.000010429971953
3131, 0.000009816606162
3132, 0.000009239311187
3132, 0.000008695965775
3132, 0.000008184573420
3133, 0.000007703255026
3134, 0.000007250242004
3135, 0.000006823869773
3135, 0.000006422571639
3136, 0.000006044873046
3136, 0.000005689386152
3137, 0.000005354804731
3138, 0.000005039899374
3138, 0.000004743512972
3139, 0.000004464556461
3140, 0.000004202004825
3140, 0.000003954893325
3141, 0.000003722313958
3141, 0.000003503412119
3142, 0.000003297383459
3143, 0.000003103470933
3143, 0.000002920962014
3144, 0.000002749186080
3144, 0.000002587511945
3145, 0.000002435345543
3146, 0.000002292127742
3147, 0.000002157332294
3147, 0.000002030463896
3677, 0.000011081662353
3678, 0.000009239311188
3680, 0.000007703255027
3681, 0.000006422571639
3683, 0.000005354804732
3684, 0.000004464556462
3686, 0.000003722313959
3688, 0.000003166807075
3690, 0.000002694202359
3692, 0.000002292127742
3694, 0.000001950057526
3696, 0.000001659036835
3698, 0.000001411447192
3701, 0.000001200807080
3703, 0.000001021602261
3704, 0.000000869141427
3706, 0.000000739433388
3707, 0.000000629082584
3709, 0.000000535200200
3711, 0.000000455328540
4177, 0.000869812995967
4181, 0.000710700546082
4186, 0.000580694090044
4190, 0.000474469350095
4195, 0.000387676003664
4199, 0.000316759520477
4203, 0.000258815590504
4207, 0.000211471181000
4213, 0.000172787351435
4215, 0.000141179846232
4218, 0.000115354213237
4220, 0.000094252790796
4223, 0.000077011392332
4225, 0.000062923914495
4227, 0.000051413419437
4229, 0.000042008506931
4230, 0.000034324008671
4232, 0.000028617565417
4234, 0.000023859831124
4235, 0.000019893080805
4237, 0.000016585811603
4238, 0.000014110595211
4240, 0.000012004772632
4241, 0.000010213216650
4242, 0.000008689027067
4244, 0.000007392302931
4246, 0.000006289097986
4247, 0.000005459726542
4248, 0.000004739728016
4249, 0.000004114678911
4251, 0.000003572057824
4252, 0.000003100994603
4253, 0.000002692052594
4255, 0.000002337039593
4256, 0.000002070248718
4257, 0.000001833914053
4258, 0.000001624558791
4260, 0.000001439103027
4261, 0.000001274818452
4261, 0.000001129288213
4263, 0.000001000371359
4264, 0.000000904256476
4265, 0.000000817376234
4266, 0.000000738843377
4725, 0.000943774404171
4730, 0.000771132401485
4735, 0.000630071315763
4739, 0.000514814138510
4745, 0.000420640633178
4749, 0.000343694022841
4754, 0.000280823039954
4759, 0.000229452869494
4764, 0.000187479700125
4768, 0.000153184564816
4773, 0.000125162942346
4775, 0.000102267236621
4778, 0.000083559778079
4780, 0.000068274422418
4782, 0.000055785173963
4784, 0.000045580548673
4786, 0.000037242626844
4788, 0.000031050956787
4790, 0.000025888665733
4791, 0.000021584617119
4793, 0.000017996126220
4794, 0.000015310438737
4795, 0.000013025555137
4797, 0.000011081660659
4799, 0.000009427867118
4800, 0.000008020880726
4801, 0.000006823868730
4803, 0.000005923974680
4804, 0.000005142753678
4805, 0.000004464555779
4807, 0.000003875794866
4808, 0.000003364676485
4810, 0.000002920961568
4811, 0.000002587511550
4813, 0.000002292127392
4813, 0.000002030463586
4814, 0.000001798670697
4815, 0.000001593338733
4816, 0.000001411446977
4818, 0.000001250319550
4819, 0.000001130189844
4820, 0.000001021602104
4821, 0.000000923447388
4822, 0.000000834723299
4823, 0.000000754523750
