44, 42.242531084522746
45, 40.569726853575645
45, 38.963165670174050
46, 37.420224309635152
47, 35.938383426973601
47, 34.515223443265448
48, 33.148420594912139
49, 31.199028276566548
50, 29.364275821678223
50, 27.637421489156971
51, 26.012120006222624
53, 24.482399252896681
54, 23.042638317632328
55, 21.253795906580024
57, 19.603824623367750
58, 18.081943646818402
59, 16.678209090739578
61, 15.383449031120735
62, 13.905419505742842
63, 12.569397879469330
65, 11.361740146506147
66, 10.270113206264384
67, 9.283368912632703
69, 8.223601620005397
71, 7.284814838342627
73, 6.453197720550828
74, 5.716516032958883
76, 4.962653529425854
78, 4.308206241551536
79, 3.740063840783774
81, 3.246844916157189
83, 2.762295594724194
85, 2.350058949431906
87, 1.999343255064064
89, 1.700967310856809
97, 1.418177688883403
100, 1.206533137152495
104, 1.026473778608940
108, 0.855820215800483
113, 0.728100193581015
118, 0.619440721433367
124, 0.516457315267355
129, 0.430595130839903
573, 0.006820319951665
573, 0.006820319951665
573, 0.006820319951665
573, 0.006820319951665
574, 0.006820319951665
574, 0.006820319951665
574, 0.006820319951665
574, 0.006820319951665
574, 0.006820319951665
575, 0.006820319951665
575, 0.006820319951665
575, 0.006820319951665
575, 0.006820319951665
575, 0.006820319951665
576, 0.006820319951665
576, 0.006820319951665
576, 0.006820319951665
576, 0.006820319951665
577, 0.006820319951665
577, 0.006820319951665
577, 0.006820319951665
577, 0.006820319951665
578, 0.006820319951665
578, 0.006820319951665
578, 0.006820319951665
578, 0.006820319951665
579, 0.006820319951665
579, 0.006820319951665
579, 0.006820319951665
579, 0.006820319951665
579, 0.006820319951665
580, 0.006820319951665
580, 0.006820319951665
580, 0.006820319951665
580, 0.006820319951665
581, 0.006820319951665
581, 0.006820319951665
581, 0.006820319951665
581, 0.006820319951665
582, 0.006820319951665
582, 0.006820319951665
582, 0.006820319951665
582, 0.006820319951665
582, 0.006820319951665
583, 0.006820319951665
583, 0.006820319951665
583, 0.006820319951665
583, 0.006820319951665
583, 0.006820319951665
584, 0.006820319951665
584, 0.006820319951665
584, 0.006820319951665
584, 0.006820319951665
584, 0.006820319951665
584, 0.006820319951665
585, 0.006820319951665
585, 0.006820319951665
585, 0.006820319951665
585, 0.006820319951665
585, 0.006820319951665
586, 0.006820319951665
586, 0.006820319951665
586, 0.006820319951665
586, 0.006820319951665
587, 0.006820319951665
587, 0.006820319951665
587, 0.006820319951665
587, 0.006820319951665
588, 0.006820319951665
588, 0.006820319951665
588, 0.006820319951665
588, 0.006820319951665
588, 0.006820319951665
589, 0.006820319951665
589, 0.006820319951665
589, 0.006820319951665
589, 0.006820319951665
589, 0.006820319951665
590, 0.006820319951665
590, 0.006820319951665
590, 0.006820319951665
590, 0.006820319951665
590, 0.006820319951665
591, 0.006820319951665
591, 0.006820319951665
591, 0.006820319951665
591, 0.006820319951665
592, 0.006820319951665
592, 0.006820319951665
592, 0.006820319951665
592, 0.006820319951665
593, 0.006820319951665
593, 0.006820319951665
593, 0.006820319951665
593, 0.006820319951665
593, 0.006820319951665
594, 0.006820319951665
594, 0.006820319951665
594, 0.006820319951665
594, 0.006820319951665
594, 0.006820319951665
595, 0.006820319951665
595, 0.006820319951665
595, 0.006820319951665
595, 0.006820319951665
595, 0.006820319951665
596, 0.006820319951665
596, 0.006820319951665
596, 0.006820319951665
596, 0.006820319951665
596, 0.006820319951665
597, 0.006820319951665
597, 0.006820319951665
597, 0.006820319951665
597, 0.006820319951665
597, 0.006820319951665
598, 0.006820319951665
598, 0.006820319951665
598, 0.006820319951665
598, 0.006820319951665
598, 0.006820319951665
599, 0.006820319951665
599, 0.006820319951665
599, 0.006820319951665
599, 0.006820319951665
600, 0.006683913552631
600, 0.006550235281579
600, 0.006419230575947
601, 0.006290845964428
601, 0.006165029045140
602, 0.006041728464237
602, 0.005920893894952
602, 0.005802476017053
603, 0.005686426496712
603, 0.005572697966778
604, 0.005461244007442
604, 0.005352019127293
604, 0.005244978744748
605, 0.005140079169853
605, 0.005037277586456
605, 0.004936532034726
606, 0.004837801394032
606, 0.004741045366151
607, 0.004646224458828
607, 0.004553299969652
608, 0.004462233970259
608, 0.004372989290854
608, 0.004285529505036
609, 0.004199818914936
609, 0.004115822536637
609, 0.004033506085904
610, 0.003952835964186
610, 0.003873779244902
611, 0.003796303660004
611, 0.003720377586804
612, 0.003645970035068
612, 0.003573050634367
612, 0.003501589621680
613, 0.003431557829246
613, 0.003362926672661
614, 0.003295668139208
614, 0.003229754776424
614, 0.003165159680895
615, 0.003101856487277
616, 0.003039819357532
616, 0.002979022970381
617, 0.002919442510973
617, 0.002861053660754
617, 0.002803832587539
618, 0.002747755935788
618, 0.002692800817072
619, 0.002638944800731
619, 0.002586165904716
620, 0.002534442586622
620, 0.002483753734890
620, 0.002434078660192
621, 0.002385397086988
621, 0.002337689145248
622, 0.002290935362343
622, 0.002245116655096
623, 0.002200214321994
623, 0.002156210035555
624, 0.002113085834843
624, 0.002070824118147
625, 0.002029407635784
625, 0.001988819483068
625, 0.001949043093407
626, 0.001910062231538
626, 0.001871860986908
627, 0.001834423767170
627, 0.001797735291826
627, 0.001761780585990
628, 0.001726544974270
628, 0.001692014074784
629, 0.001658173793289
629, 0.001625010317423
630, 0.001592510111075
630, 0.001560659908853
630, 0.001529446710676
631, 0.001498857776462
631, 0.001468880620933
632, 0.001439503008515
632, 0.001410712948344
632, 0.001382498689377
633, 0.001354848715590
633, 0.001327751741278
634, 0.001301196706452
634, 0.001275172772323
635, 0.001249669316877
635, 0.001224675930539
636, 0.001200182411929
636, 0.001176178763690
637, 0.001152655188416
637, 0.001129602084648
638, 0.001107010042955
638, 0.001084869842096
639, 0.001063172445254
639, 0.001041908996349
639, 0.001021070816422
640, 0.001000649400093
641, 0.000961023683850
642, 0.000922967145969
642, 0.000886417646989
643, 0.000851315508168
644, 0.000817603414045
1245, 0.000000280988923
1246, 0.000000275369144
1246, 0.000000269861762
1247, 0.000000264464526
1247, 0.000000259175236
1248, 0.000000253991731
1248, 0.000000248911896
1249, 0.000000243933659
1249, 0.000000239054985
1250, 0.000000234273886
1250, 0.000000229588408
1251, 0.000000224996640
1251, 0.000000220496707
1251, 0.000000216086773
1252, 0.000000211765037
1252, 0.000000207529737
1253, 0.000000203379142
1253, 0.000000199311559
1254, 0.000000195325328
1254, 0.000000191418821
1255, 0.000000187590445
1255, 0.000000183838636
1256, 0.000000180161863
1256, 0.000000176558626
1257, 0.000000173027453
1257, 0.000000169566904
1258, 0.000000166175566
1258, 0.000000162852055
1259, 0.000000159595014
1259, 0.000000156403114
1260, 0.000000153275051
1260, 0.000000150209550
1260, 0.000000147205359
1261, 0.000000144261252
1262, 0.000000141376027
1262, 0.000000138548507
1262, 0.000000135777536
1263, 0.000000133061986
1263, 0.000000130400746
1264, 0.000000127792731
1264, 0.000000125236876
1265, 0.000000122732139
1265, 0.000000120277496
1266, 0.000000117871946
1267, 0.000000115514507
1267, 0.000000113204217
1268, 0.000000110940133
1268, 0.000000108721330
1269, 0.000000106546904
1270, 0.000000104415965
1270, 0.000000102327646
1271, 0.000000100281093
1271, 0.000000098275471
1271, 0.000000096309962
1272, 0.000000094383763
1272, 0.000000092496087
1273, 0.000000090646166
1273, 0.000000088833242
1274, 0.000000087056578
1274, 0.000000085315446
1275, 0.000000083609137
1275, 0.000000081936954
1276, 0.000000080298215
1276, 0.000000078692251
1277, 0.000000077118406
1277, 0.000000075576038
1278, 0.000000074064517
1280, 0.000000072583227
1280, 0.000000071131562
1281, 0.000000069708931
1281, 0.000000068314752
1282, 0.000000066948457
1282, 0.000000065609488
1283, 0.000000064297298
1283, 0.000000063011352
1284, 0.000000061751125
1285, 0.000000060516103
1285, 0.000000059305781
1285, 0.000000058119665
1286, 0.000000056957272
1286, 0.000000055818126
1287, 0.000000054701764
1287, 0.000000053607729
1288, 0.000000052535574
1288, 0.000000051484863
1289, 0.000000050455165
1289, 0.000000049446062
1290, 0.000000048457141
1290, 0.000000047487998
1291, 0.000000046538238
1291, 0.000000045607473
1292, 0.000000044695324
1292, 0.000000043801417
1293, 0.000000042925389
1293, 0.000000042066881
1294, 0.000000041225544
1294, 0.000000041225544
1295, 0.000000041225544
1295, 0.000000041225544
1297, 0.000000041225544
1299, 0.000000041225544
1301, 0.000000041225544
1306, 0.000000041225544
1311, 0.000000041225544
1319, 0.000000041225544
1334, 0.000000041225544
1373, 0.000000041225544
1407, 0.000000041225544
1416, 0.000000041225544
1419, 0.000000041225544
1419, 0.000000041225544
1420, 0.000000041225544
1420, 0.000000041225544
1420, 0.000000041225544
1421, 0.000000041225544
1421, 0.000000041225544
1421, 0.000000041225544
1421, 0.000000041225544
1422, 0.000000041225544
1422, 0.000000041225544
1422, 0.000000041225544
1423, 0.000000041225544
1423, 0.000000041225544
1423, 0.000000041225544
1423, 0.000000041225544
1423, 0.000000041225544
1424, 0.000000041225544
1424, 0.000000041225544
1425, 0.000000041225544
1425, 0.000000041225544
1425, 0.000000041225544
1425, 0.000000041225544
1425, 0.000000041225544
1426, 0.000000041225544
1426, 0.000000041225544
1426, 0.000000041225544
1426, 0.000000041225544
1427, 0.000000041225544
1427, 0.000000041225544
1427, 0.000000041225544
1428, 0.000000041225544
1428, 0.000000041225544
1429, 0.000000041225544
1429, 0.000000041225544
1429, 0.000000041225544
1430, 0.000000041225544
1430, 0.000000041225544
1430, 0.000000041225544
1431, 0.000000041225544
1431, 0.000000041225544
1432, 0.000000041225544
1432, 0.000000041225544
1432, 0.000000041225544
1432, 0.000000041225544
1432, 0.000000041225544
1433, 0.000000041225544
1433, 0.000000041225544
1434, 0.000000041225544
1434, 0.000000041225544
1434, 0.000000041225544
1434, 0.000000041225544
1435, 0.000000041225544
1435, 0.000000041225544
1435, 0.000000041225544
1436, 0.000000041225544
1436, 0.000000041225544
1436, 0.000000041225544
1436, 0.000000041225544
1437, 0.000000041225544
1437, 0.000000041225544
1437, 0.000000041225544
1437, 0.000000041225544
1438, 0.000000041225544
1438, 0.000000041225544
1438, 0.000000041225544
1438, 0.000000041225544
1438, 0.000000041225544
1439, 0.000000041225544
1439, 0.000000041225544
1439, 0.000000041225544
1440, 0.000000041225544
1440, 0.000000041225544
1440, 0.000000041225544
1440, 0.000000041225544
1978, 0.000061814486781
1979, 0.000058179300442
1979, 0.000054757892142
1980, 0.000051537690021
1981, 0.000048506861546
1982, 0.000045654270032
1983, 0.000042969433720
1984, 0.000039633637517
1985, 0.000036556805310
1986, 0.000033718833250
1987, 0.000031101178182
1988, 0.000028686736493
1989, 0.000026459732356
1990, 0.000024405614647
1990, 0.000022510961876
1992, 0.000020763394485
1992, 0.000019151493967
1993, 0.000017664728251
1994, 0.000016293382894
1995, 0.000015028497600
1996, 0.000013861807679
1997, 0.000012785690043
1998, 0.000011793113399
1999, 0.000010877592307
1999, 0.000010033144801
2001, 0.000009254253309
2001, 0.000008535828597
2002, 0.000007873176517
2003, 0.000007261967338
2004, 0.000006698207451
2005, 0.000006178213282
2006, 0.000005698587217
2007, 0.000005256195406
2008, 0.000004848147285
2009, 0.000004471776691
2010, 0.000004124624438
2011, 0.000003804422254
2012, 0.000003509077954
2013, 0.000003236661776
2014, 0.000002985393767
2014, 0.000002753632155
2016, 0.000002489065372
2017, 0.000002249917954
2018, 0.000002033747630
2020, 0.000001801579843
2022, 0.000001595915777
2024, 0.000001413729832
2026, 0.000001252341800
2027, 0.000001109377442
2029, 0.000000982733554
2031, 0.000000870547032
2032, 0.000000771167455
2035, 0.000000683132814
2036, 0.000000605147999
2037, 0.000000536065744
2039, 0.000000474869755
2040, 0.000000420659754
2320, 0.102593651642365
2321, 0.092736535339189
2323, 0.083826482916271
2324, 0.075772501230617
2325, 0.068492339687908
2326, 0.061911650265390
2328, 0.055963228239095
2329, 0.049574599344155
2331, 0.043915281113405
2333, 0.038902017177811
2335, 0.034461055517204
2337, 0.030527063466446
2338, 0.027042166581903
2340, 0.023475995284061
2342, 0.020380110924473
2344, 0.017692494663936
2345, 0.015359306364594
2347, 0.013333806028063
2349, 0.011575417468320
2373, 0.010253995369632
2475, 0.009083423671603
2478, 0.008046481651649
2481, 0.007127914463875
2482, 0.006443070121708
2485, 0.005824025078253
2487, 0.005264457389318
2489, 0.004758652518072
2491, 0.004301444975830
2493, 0.003888165569943
2495, 0.003514593720073
2496, 0.003113376068760
2498, 0.002757960469275
2501, 0.002443118268431
2503, 0.002164217703640
2505, 0.001956281391123
2507, 0.001732956965152
2509, 0.001566455840760
2511, 0.001415952011732
2513, 0.001254310301262
2516, 0.001111121223612
2518, 0.000984278270153
2521, 0.000854477098140
2523, 0.000741793386470
2526, 0.000643969779188
2529, 0.000547865675793
2533, 0.000466103858307
2852, 1.112765894408353
2853, 1.047326357689987
2854, 0.985735189246954
2855, 0.927766074237719
2856, 0.873206006943947
2857, 0.821854508087587
2857, 0.773522888175973
2859, 0.713472883084757
2860, 0.658084670380783
2861, 0.606996346543329
2863, 0.559874103287893
2864, 0.516410046481304
2865, 0.476320184378474
2866, 0.430555720595313
2867, 0.389188270027314
2869, 0.351795371148303
2870, 0.317995152198926
2871, 0.287442431354190
2873, 0.259825191583809
2874, 0.234861394205149
2876, 0.212296098587477
2879, 0.195815161829310
2881, 0.180613670516603
2885, 0.163260452966340
2889, 0.147574518731263
2894, 0.133395676558940
2896, 0.120579126244832
2899, 0.106814100275223
2901, 0.094620456897650
2903, 0.083818810816653
2905, 0.074250254935013
2909, 0.064458542159163
2965, 0.055958106284230
2978, 0.048578660857474
2981, 0.042172375861306
2984, 0.035878697957220
2988, 0.031147213796309
2991, 0.027591522026603
2994, 0.023952904772433
2997, 0.020794128228376
3000, 0.018051913656660
3003, 0.015357900625925
3007, 0.013065933957023
3010, 0.011116013466131
3014, 0.009267951351195
3491, 0.008618185134429
3491, 0.008445821431741
3491, 0.008276905003106
3492, 0.008111366903044
3493, 0.007949139564983
3493, 0.007790156773683
3494, 0.007634353638209
3495, 0.007481666565445
3495, 0.007332033234136
3496, 0.007185392569454
3496, 0.007041684718065
3497, 0.006900851023703
3497, 0.006762834003229
3498, 0.006627577323165
3498, 0.006495025776701
3498, 0.006365125261167
3499, 0.006237822755944
3500, 0.006113066300825
3500, 0.005990804974809
3501, 0.005870988875312
3501, 0.005753569097806
3502, 0.005638497715850
3502, 0.005415213206302
3503, 0.005200770763333
3504, 0.004994820241105
3505, 0.004797025359557
3506, 0.004607063155319
3506, 0.004424623454368
3507, 0.004249408365575
3508, 0.004081131794298
3509, 0.003919518975244
3510, 0.003764306023824
3511, 0.003615239505281
3512, 0.003472076020872
3512, 0.003334581810445
3513, 0.003202532370752
3514, 0.003075712088870
3515, 0.002953913890151
3516, 0.002836938900101
3517, 0.002724596119657
3517, 0.002616702113318
3518, 0.002513080709631
3519, 0.002413562713529
3520, 0.002317985630074
3521, 0.002226193399123
3522, 0.002138036140518
3522, 0.002053369909353
3523, 0.001972056460943
3523, 0.001893963025089
3525, 0.001818962089296
3526, 0.001746931190560
3527, 0.001677752715414
3532, 0.001611313707883
3536, 0.001547505685051
3540, 0.001486224459923
3542, 0.001427369971310
3545, 0.001370846120446
3550, 0.001316560614076
3554, 0.001264424813759
3555, 0.001239136317484
3556, 0.001214353591134
3557, 0.001190066519311
3558, 0.001166265188925
3560, 0.001142939885147
3561, 0.001120081087444
3563, 0.001097679465695
3564, 0.001075725876381
3566, 0.001054211358853
3566, 0.001033127131676
3568, 0.001012464589043
3570, 0.000992215297262
3573, 0.000972370991317
3575, 0.000952923571490
3576, 0.000933865100061
3576, 0.000915187798059
3577, 0.000896884042098
3578, 0.000878946361256
3580, 0.000861367434031
3581, 0.000844140085350
3583, 0.000827257283643
3584, 0.000810712137971
3585, 0.000794497895211
3587, 0.000778607937307
3587, 0.000763035778561
3588, 0.000747775062990
3589, 0.000732819561730
3590, 0.000718163170495
3591, 0.000703799907085
3592, 0.000689723908944
3593, 0.000675929430765
3593, 0.000662410842149
3594, 0.000649162625306
3595, 0.000636179372800
3595, 0.000623455785344
3596, 0.000610986669637
3597, 0.000598766936245
3597, 0.000586791597520
3597, 0.000575055765569
3598, 0.000563554650258
3598, 0.000552283557253
3599, 0.000541237886108
3600, 0.000530413128386
3601, 0.000509408768502
3602, 0.000489236181269
3603, 0.000469862428491
3604, 0.000451255876322
3607, 0.000433386143620
3609, 0.000416224052333
3611, 0.000399741579860
3613, 0.000383911813298
3614, 0.000368708905491
3616, 0.000354108032834
3617, 0.000340085354734
3619, 0.000326617974686
3620, 0.000313683902889
3621, 0.000301262020334
3623, 0.000289332044329
3625, 0.000272317005466
3626, 0.000256302587009
3628, 0.000241229944472
3629, 0.000227043693897
3630, 0.000213691708347
3631, 0.000201124926362
3633, 0.000189297171693
3635, 0.000178164983620
3637, 0.000167687457263
3638, 0.000157826093276
3639, 0.000145573763255
3641, 0.000134272604158
3643, 0.000123848774836
3644, 0.000114234166563
3645, 0.000105365958022
3648, 0.000095242480731
3651, 0.000086091659072
3654, 0.000077820041066
3654, 0.000070343153527
3656, 0.000062312946598
3657, 0.000055199448973
3658, 0.000048898011301
4065, 0.051618699932817
4065, 0.050586325934161
4066, 0.049574599415478
4066, 0.048583107427168
4067, 0.047611445278625
4067, 0.046659216373052
4068, 0.045726032045591
4069, 0.043915281176586
4070, 0.042176236041993
4071, 0.040506057094730
4072, 0.038902017233779
4073, 0.037361497351321
4074, 0.035881982056209
4075, 0.033771834455447
4077, 0.031785780414791
4078, 0.029916522240158
4079, 0.028157191400259
4080, 0.026501323288393
4082, 0.024443976799080
4083, 0.022546345903250
4085, 0.020796031585504
4086, 0.019181597388823
4087, 0.017692494689390
4088, 0.015992613897013
4090, 0.014456056296703
4092, 0.013067129926301
4094, 0.011811650494871
4097, 0.010463260596310
4102, 0.009268799678236
4108, 0.008210695574720
4113, 0.007273382116460
4125, 0.006314208728359
4129, 0.005593393693201
4132, 0.004954865186295
4134, 0.004389229573488
4139, 0.003810402264026
4143, 0.003307907497342
4146, 0.002871678960061
4151, 0.002443118271946
4156, 0.002078514685566
4161, 0.001768323436373
4165, 0.001474335707798
4172, 0.001229224097005
4174, 0.001024862840034
4178, 0.000837387557382
4182, 0.000684206601963
4187, 0.000559046608757
4191, 0.000456781781798
4196, 0.000373223972589
4200, 0.000304951158881
4204, 0.000249167299350
4208, 0.000203587824665
4213, 0.000166346075347
4216, 0.000135916854698
4218, 0.000111053965972
4221, 0.000090739175693
4224, 0.000074140512978
4225, 0.000060578197043
4227, 0.000049496797494
4229, 0.000040442487260
4619, 0.052669641455883
4619, 0.051616248626765
4620, 0.050583923654230
4621, 0.049572245181145
4621, 0.048580800277522
4622, 0.047609184271972
4623, 0.046657000586533
4624, 0.044809383363306
4625, 0.043034931782119
4625, 0.041330748483547
4626, 0.039694050843599
4627, 0.038122166430192
4628, 0.036612528639556
4629, 0.034459419055321
4630, 0.032432929539516
4631, 0.030525613819156
4632, 0.028730463521679
4634, 0.027040882422896
4635, 0.024941648965183
4637, 0.023005382863382
4638, 0.021219432661793
4639, 0.019572129060502
4641, 0.018052708668818
4642, 0.016318218804316
4644, 0.014750377343954
4647, 0.013333172841848
4651, 0.012052132219075
4655, 0.010676289499433
4659, 0.009650520111195
4661, 0.008723305828446
4669, 0.007885177555179
4676, 0.006985024459015
4682, 0.006187630697167
4685, 0.005481265508686
4688, 0.004855537288362
4690, 0.004215215897659
4693, 0.003659336548905
4696, 0.003176763492847
4700, 0.002702672911202
4705, 0.002299334174984
4708, 0.001956188492635
4713, 0.001630967778039
4717, 0.001359815735047
4721, 0.001133743326005
4725, 0.000926350841669
4730, 0.000756896082365
4735, 0.000618439206540
4739, 0.000505309858377
4745, 0.000412874944332
4749, 0.000337348889659
4754, 0.000275638604174
4759, 0.000225216807999
4764, 0.000184018529470
4770, 0.000150356536393
4773, 0.000122852237225
4775, 0.000100379222302
4778, 0.000082017132919
4781, 0.000067013969007
4782, 0.000054755291757
4784, 0.000044739059928
