49, 31.585624559036553
49, 29.728137149968731
50, 27.979884860453371
51, 26.334443791579830
53, 24.785767821084605
54, 23.328166387062261
55, 21.517157906608464
56, 19.846741346747898
58, 18.306002297995779
59, 16.884873656558135
61, 15.574069846431998
62, 14.365026147964963
63, 12.984845881721323
64, 11.737272235730735
66, 10.609564471580242
67, 9.590205970851780
69, 8.495410890195490
71, 7.525595009388726
73, 6.666491000535146
74, 5.905460259922483
75, 5.231306976747469
77, 4.541431158766183
79, 3.942532346407162
80, 3.422612995567159
82, 2.971257731873893
84, 2.527836208838533
86, 2.150589573623152
88, 1.829642085988506
95, 1.525459994692056
99, 1.297804955911808
102, 1.104124467013151
107, 0.939348268862611
111, 0.799162772474523
115, 0.679898135845265
121, 0.578432193099439
127, 0.482266546540692
132, 0.402088653928537
138, 0.342082158562084
145, 0.285210234165789
150, 0.237793394472342
155, 0.198259710490647
159, 0.165298589942148
599, 0.006771314110860
600, 0.006635887828643
600, 0.006503170072070
601, 0.006373106670629
601, 0.006245644537216
601, 0.006120731646472
602, 0.005998317013543
602, 0.005878350673272
603, 0.005760783659806
603, 0.005645567986610
603, 0.005532656626878
604, 0.005422003494340
604, 0.005313563424454
605, 0.005207292155965
605, 0.005103146312845
605, 0.005001083386588
606, 0.004901061718857
606, 0.004803040484479
607, 0.004706979674790
607, 0.004612840081294
607, 0.004520583279668
608, 0.004430171614075
608, 0.004341568181793
608, 0.004254736818157
609, 0.004169642081794
609, 0.004086249240158
610, 0.004004524255355
610, 0.003924433770248
611, 0.003845945094843
611, 0.003769026192946
611, 0.003693645669087
612, 0.003619772755706
612, 0.003547377300592
613, 0.003476429754580
613, 0.003406901159488
614, 0.003338763136298
614, 0.003271987873572
614, 0.003206548116101
615, 0.003142417153779
615, 0.003079568810703
616, 0.003017977434489
616, 0.002957617885799
617, 0.002898465528083
617, 0.002840496217522
618, 0.002783686293171
618, 0.002728012567308
619, 0.002673452315962
619, 0.002619983269643
619, 0.002567583604250
620, 0.002516231932165
620, 0.002465907293521
621, 0.002416589147651
621, 0.002368257364698
622, 0.002320892217404
622, 0.002274474373056
623, 0.002228984885595
623, 0.002184405187883
623, 0.002140717084125
624, 0.002097902742443
624, 0.002055944687594
625, 0.002014825793842
625, 0.001974529277965
626, 0.001935038692406
626, 0.001896337918558
626, 0.001858411160187
627, 0.001821242936983
627, 0.001784818078243
628, 0.001749121716678
628, 0.001714139282345
628, 0.001679856496698
629, 0.001646259366764
629, 0.001613334179429
630, 0.001581067495840
630, 0.001549446145923
631, 0.001518457223005
631, 0.001488088078545
631, 0.001458326316974
632, 0.001429159790634
632, 0.001400576594822
633, 0.001372565062925
633, 0.001345113761667
634, 0.001318211486433
634, 0.001291847256705
635, 0.001266010311571
635, 0.001240690105339
635, 0.001215876303232
636, 0.001191558777168
636, 0.001167727601624
637, 0.001144373049592
637, 0.001121485588600
638, 0.001099055876828
638, 0.001077074759292
639, 0.001055533264106
639, 0.001034422598824
640, 0.001013734146847
641, 0.000973590274632
641, 0.000935036099757
642, 0.000898008670206
643, 0.000862447526866
644, 0.000828294604802
647, 0.000795494138452
651, 0.000779584255683
657, 0.000763992570569
666, 0.000748712719158
676, 0.000733738464775
680, 0.000719063695479
682, 0.000704682421570
686, 0.000690588773138
694, 0.000676776997675
703, 0.000663241457722
714, 0.000649976628568
722, 0.000636977095996
724, 0.000624237554076
725, 0.000611752802995
726, 0.000599517746935
727, 0.000587527391996
727, 0.000575776844156
727, 0.000564261307273
728, 0.000552976081128
728, 0.000541916559505
729, 0.000531078228315
730, 0.000520456663749
730, 0.000510047530474
731, 0.000499846579864
732, 0.000489849648267
733, 0.000480052655302
734, 0.000470451602196
735, 0.000461042570152
735, 0.000451821718749
736, 0.000442785284374
737, 0.000433929578686
737, 0.000425250987112
738, 0.000416745967370
738, 0.000408411048023
739, 0.000400242827062
740, 0.000392237970521
741, 0.000384393211111
741, 0.000376705346888
742, 0.000369171239951
743, 0.000361787815152
743, 0.000354552058849
744, 0.000347461017672
744, 0.000340511797318
745, 0.000333701561372
746, 0.000327027530144
747, 0.000320486979542
747, 0.000314077239951
748, 0.000307795695152
749, 0.000301639781249
750, 0.000295606985624
750, 0.000289694845911
751, 0.000283900948993
752, 0.000278222930013
752, 0.000272658471413
753, 0.000267205301985
753, 0.000261861195945
754, 0.000256623972026
755, 0.000251491492586
755, 0.000246461662734
756, 0.000241532429479
757, 0.000236701780890
758, 0.000231967745272
759, 0.000227328390366
760, 0.000222781822559
1440, 0.000000828143217
1441, 0.000000828143217
1441, 0.000000828143217
1441, 0.000000828143217
1442, 0.000000828143217
1442, 0.000000828143217
1442, 0.000000828143217
1442, 0.000000828143217
1442, 0.000000828143217
1443, 0.000000828143217
1443, 0.000000828143217
1443, 0.000000828143217
1444, 0.000000828143217
1444, 0.000000828143217
1444, 0.000000828143217
1445, 0.000000828143217
1445, 0.000000828143217
1445, 0.000000828143217
1445, 0.000000828143217
1446, 0.000000828143217
1446, 0.000000828143217
1446, 0.000000828143217
1447, 0.000000828143217
1447, 0.000000828143217
1447, 0.000000828143217
1447, 0.000000828143217
1448, 0.000000828143217
1448, 0.000000828143217
1448, 0.000000828143217
1448, 0.000000828143217
1448, 0.000000828143217
1449, 0.000000828143217
1449, 0.000000828143217
1449, 0.000000828143217
1450, 0.000000828143217
1450, 0.000000828143217
1450, 0.000000828143217
1450, 0.000000828143217
1450, 0.000000828143217
1451, 0.000000828143217
1451, 0.000000828143217
1451, 0.000000828143217
1451, 0.000000828143217
1451, 0.000000828143217
1451, 0.000000828143217
1451, 0.000000828143217
1452, 0.000000828143217
1452, 0.000000828143217
1452, 0.000000828143217
1453, 0.000000828143217
1453, 0.000000828143217
1453, 0.000000828143217
1453, 0.000000828143217
1453, 0.000000828143217
1454, 0.000000828143217
1454, 0.000000828143217
1454, 0.000000828143217
1454, 0.000000828143217
1455, 0.000000828143217
1455, 0.000000828143217
1455, 0.000000828143217
1455, 0.000000828143217
1455, 0.000000828143217
1456, 0.000000811580352
1457, 0.000000795348745
1458, 0.000000763852935
1458, 0.000000733604359
1459, 0.000000704553626
1460, 0.000000676653302
1460, 0.000000649857832
1461, 0.000000624123462
1462, 0.000000599408172
1463, 0.000000575671609
1463, 0.000000552875013
1464, 0.000000520361539
1465, 0.000000489760118
1466, 0.000000460958305
1467, 0.000000433850269
1468, 0.000000408336402
1469, 0.000000384322955
1470, 0.000000361721691
1470, 0.000000340449562
1471, 0.000000320428404
1472, 0.000000301584650
1473, 0.000000283849060
1473, 0.000000267156465
1474, 0.000000251445527
1475, 0.000000236658519
1476, 0.000000222741104
1476, 0.000000209642146
1477, 0.000000197313510
1478, 0.000000185709897
1478, 0.000000174788670
1479, 0.000000164509698
1983, 0.000040943621948
1984, 0.000037765093240
1985, 0.000034833319564
1986, 0.000032129144873
1987, 0.000029634900239
1988, 0.000027334288405
1989, 0.000025212277301
1990, 0.000023255001823
1991, 0.000021449673243
1992, 0.000019784495641
1993, 0.000018248588841
1994, 0.000016831917312
1994, 0.000015525224600
1995, 0.000014319972848
1996, 0.000013208287007
1997, 0.000012182903384
1998, 0.000011237122178
1999, 0.000010364763707
2000, 0.000009560128029
2001, 0.000008817957699
2002, 0.000008133403418
2003, 0.000007501992345
2004, 0.000006919598876
2004, 0.000006382417683
2005, 0.000005886938855
2007, 0.000005429924959
2008, 0.000005008389894
2009, 0.000004619579371
2010, 0.000004260952924
2011, 0.000003930167309
2012, 0.000003625061189
2013, 0.000003343641019
2013, 0.000003084068014
2014, 0.000002844646140
2015, 0.000002623811026
2016, 0.000002371717353
2018, 0.000002143844639
2019, 0.000001937865755
2020, 0.000001716643614
2023, 0.000001520675666
2025, 0.000001347078953
2027, 0.000001193299627
2028, 0.000001057075382
2030, 0.000000936402173
2031, 0.000000829504731
2033, 0.000000734810446
2035, 0.000000650926235
2037, 0.000000576618045
2038, 0.000000510792702
2039, 0.000000452481823
2041, 0.000000400827576
2329, 0.052258321682142
2330, 0.046292636098865
2332, 0.041007978978290
2334, 0.036326605732549
2336, 0.032179646910829
2337, 0.028506095034852
2339, 0.024746868952912
2341, 0.021483388805934
2343, 0.018650278363098
2345, 0.016190782849164
2347, 0.014055631994612
2348, 0.012202053020442
2354, 0.010809095699058
2440, 0.009575155069040
2477, 0.008482078163500
2479, 0.007513784315030
2481, 0.006791865905025
2484, 0.006139308840629
2486, 0.005549448939023
2488, 0.005016262306762
2489, 0.004534303821286
2491, 0.004098651523070
2493, 0.003704856350539
2495, 0.003348896704409
2497, 0.002966594629901
2499, 0.002627935250010
2502, 0.002327936418625
2504, 0.002104270142424
2506, 0.001864051672946
2508, 0.001651255972016
2510, 0.001492604613945
2512, 0.001349196351945
2515, 0.001195175308660
2517, 0.001058736940973
2519, 0.000937874052500
2521, 0.000814192411945
2524, 0.000706821221785
2527, 0.000601337359071
2531, 0.000511595589194
2534, 0.000435246609803
2536, 0.000377848695229
2538, 0.000328020100032
2540, 0.000284762624256
2541, 0.000247209705031
2542, 0.000214609057004
2544, 0.000186307602051
2545, 0.000161738386378
2548, 0.000140409222921
2550, 0.000121892831521
2551, 0.000105818279363
2553, 0.000091863550200
2858, 0.752164650051504
2859, 0.693772724285050
2860, 0.639913871156989
2862, 0.590236179897549
2863, 0.544415059217531
2864, 0.502151116446765
2865, 0.453904837292569
2867, 0.410294022196873
2868, 0.370873299466475
2869, 0.335240088365581
2870, 0.303030487794718
2872, 0.273915559982094
2873, 0.247597971234933
2875, 0.223808955444744
2878, 0.202305569336589
2880, 0.186600215746742
2884, 0.168671815700847
2888, 0.152465962046012
2892, 0.137817153897510
2895, 0.124575791563745
2898, 0.112606648772291
2900, 0.099751741849563
2902, 0.088364320495348
2904, 0.078276860051028
2906, 0.069340960074161
2918, 0.060196657940221
2976, 0.052258255774024
2979, 0.045366726160368
2984, 0.038596333072835
2987, 0.032836332985619
2989, 0.029087815390823
2992, 0.025767219639940
2995, 0.022369181290208
2999, 0.019419257435854
3002, 0.016858353216756
3004, 0.014342463538439
3008, 0.012202037631231
3011, 0.010381042416803
3015, 0.008655170883588
3018, 0.007363499341883
3021, 0.006264592956879
3024, 0.005329684039239
3027, 0.004534298102629
3030, 0.003857613159080
3032, 0.003281914631170
3035, 0.002792131611469
3600, 0.000528636791596
3601, 0.000507702774649
3602, 0.000487597744773
3603, 0.000468288874080
3605, 0.000449744634666
3608, 0.000431934747134
3611, 0.000414830131147
3612, 0.000398402857954
3613, 0.000382626104779
3615, 0.000367474111029
3616, 0.000352922136233
3618, 0.000338946419638
3620, 0.000325524141420
3621, 0.000312633385420
3622, 0.000300253103357
3624, 0.000282595818855
3625, 0.000265976923940
3627, 0.000250335352997
3629, 0.000235613631558
3630, 0.000221757665113
3631, 0.000208716540343
3632, 0.000196442338039
3634, 0.000184889957023
3636, 0.000174016948431
3637, 0.000163783359727
3638, 0.000154151587908
3640, 0.000142184516500
3641, 0.000131146470865
3643, 0.000120965329022
3644, 0.000111574567954
3647, 0.000100854572367
3649, 0.000091164545415
3653, 0.000082405528532
3654, 0.000074488071011
3655, 0.000065984690170
3656, 0.000058452035041
3657, 0.000051779289887
3659, 0.000045868289433
3661, 0.000040632074718
3663, 0.000035993613807
3665, 0.000031884668551
3667, 0.000027679894888
3668, 0.000024029623510
3670, 0.000020860729723
3672, 0.000017747537473
3674, 0.000015098948624
3675, 0.000012845627169
3677, 0.000010710012905
3678, 0.000008929449292
3680, 0.000007444908364
3681, 0.000006207175688
3683, 0.000005175218839
3684, 0.000004314827126
3686, 0.000003597477460
3688, 0.000003060600797
3690, 0.000002603845985
3692, 0.000002215255881
3695, 0.000001884657789
3696, 0.000001603397157
3698, 0.000001364111012
3701, 0.000001160535208
3703, 0.000000987340441
3704, 0.000000839992738
3706, 0.000000714634761
3707, 0.000000607984829
3709, 0.000000517251011
3711, 0.000000440058033
4069, 0.044459448267201
4069, 0.042698854115820
4071, 0.041007979492834
4072, 0.039384063504918
4073, 0.037824454590123
4073, 0.036326606188354
4075, 0.034190311131629
4076, 0.032179647314600
4077, 0.030287226615323
4078, 0.028506095392529
4080, 0.026829708934686
4081, 0.025251907411655
4083, 0.023291555375778
4084, 0.021483389075495
4085, 0.019815594052128
4086, 0.018277273025168
4088, 0.016521207196241
4090, 0.014933862772924
4091, 0.013499029137004
4093, 0.012202053173547
4095, 0.011029689627228
4099, 0.009770566519575
4106, 0.008655181908090
4111, 0.007667126948274
4119, 0.006791865990245
4127, 0.006016522739308
4130, 0.005329690827911
4132, 0.004721266012266
4135, 0.004098651574498
4142, 0.003558144083703
4145, 0.003088915730034
4149, 0.002681566615290
4154, 0.002281377718878
4159, 0.001940911803764
4162, 0.001651255992735
4168, 0.001376730988646
4172, 0.001147846380839
4176, 0.000957014351294
4179, 0.000781950402243
4184, 0.000638910410008
4188, 0.000522036322055
4193, 0.000426541682959
4197, 0.000348515610149
4201, 0.000284762627829
4205, 0.000232671799617
4211, 0.000190109800397
4214, 0.000155333548227
4217, 0.000126918818254
4219, 0.000103701915077
4222, 0.000084732014832
4224, 0.000069232225192
4226, 0.000056567768565
4228, 0.000046219985440
4229, 0.000037765093238
4231, 0.000031486561974
4233, 0.000026251850583
4234, 0.000021887421675
4236, 0.000018248588841
4623, 0.045366584721091
4624, 0.043570067966135
4625, 0.041844693274676
4626, 0.040187643420999
4626, 0.038596212741528
4628, 0.037067802716963
4629, 0.034887919374784
4630, 0.032836230612192
4631, 0.030905197562350
4632, 0.029087724704103
4634, 0.027377133789704
4635, 0.025767139305799
4637, 0.023766788869954
4638, 0.021921729319088
4639, 0.020219905136065
4640, 0.018650196695727
4642, 0.016858300657678
4644, 0.015238568563182
4646, 0.013774459037723
4650, 0.012451019988868
4652, 0.011254735909310
4657, 0.010173389850917
4660, 0.009195938660198
4666, 0.008312400201050
4672, 0.007513751413054
4678, 0.006655999440960
4683, 0.005896166391809
4686, 0.005223074074491
4688, 0.004534283966104
4691, 0.003936327685966
4695, 0.003417226571413
4698, 0.002966581639533
4701, 0.002523857962385
4706, 0.002147205028646
4709, 0.001826762640273
4715, 0.001523059263271
4718, 0.001269847252344
4722, 0.001058732304889
4727, 0.000865061376098
4733, 0.000706818126698
4737, 0.000577521870740
4741, 0.000471877415965
4747, 0.000385558204769
4751, 0.000315029124589
4757, 0.000257401731079
4762, 0.000210315954911
4766, 0.000171843447612
4772, 0.000140408608086
4774, 0.000114724055520
4777, 0.000093737906061
4779, 0.000076590694017
4781, 0.000062580173342
4783, 0.000051132557888
4785, 0.000041779022597
4787, 0.000034833166594
4789, 0.000029042074696
4790, 0.000024213764785
4792, 0.000020188172202
