55, 21.881032334789538
56, 20.182367533540329
57, 18.615573206355329
59, 17.170412005691261
61, 15.837441328131359
62, 14.607951616936475
63, 13.204431265197066
64, 11.935760030527764
65, 10.788981717208248
67, 9.752384950479509
68, 8.639075903635010
70, 7.652859566940851
72, 6.779227339196722
74, 6.005326886572344
75, 5.319773067067837
77, 4.618230830599805
79, 4.009204102470898
80, 3.480492449352485
82, 3.021504363555308
84, 2.570584185082368
86, 2.186957971101612
88, 1.860582973753736
93, 1.551256890624637
99, 1.319752001068638
102, 1.122796201487515
106, 0.955233490120865
110, 0.812677331326576
114, 0.691395822783097
120, 0.588213999991368
126, 0.490422106146427
131, 0.408888333498738
137, 0.347867074505816
144, 0.290033394887986
150, 0.241814693930868
154, 0.201612459915049
158, 0.168093937271726
162, 0.140147944027948
167, 0.119232688469840
171, 0.101438762433153
174, 0.086300348134585
178, 0.073421145028840
182, 0.062463995266151
640, 0.000989511369130
641, 0.000950326718912
642, 0.000912693780843
642, 0.000876551107122
644, 0.000841839683280
646, 0.000808502831822
649, 0.000792332775185
653, 0.000776486119682
661, 0.000760956397288
671, 0.000745737269342
679, 0.000730822523955
681, 0.000716206073476
683, 0.000701881952007
689, 0.000687844312967
699, 0.000674087426707
708, 0.000660605678173
719, 0.000647393564610
723, 0.000634445693318
724, 0.000621756779451
725, 0.000609321643862
726, 0.000597135210985
727, 0.000585192506765
727, 0.000573488656630
728, 0.000562018883497
728, 0.000550778505827
729, 0.000539762935711
729, 0.000528967676997
730, 0.000518388323457
731, 0.000508020556988
731, 0.000497860145848
733, 0.000487902942931
734, 0.000478144884072
735, 0.000468581986391
735, 0.000459210346663
736, 0.000450026139730
736, 0.000441025616935
737, 0.000432205104596
737, 0.000423561002504
738, 0.000415089782454
739, 0.000406787986805
739, 0.000398652227069
740, 0.000390679182528
741, 0.000382865598877
742, 0.000375208286900
742, 0.000367704121162
743, 0.000360350038738
744, 0.000353143037964
744, 0.000346080177204
745, 0.000339158573660
746, 0.000332375402187
746, 0.000325727894143
747, 0.000319213336261
748, 0.000312829069535
749, 0.000306572488145
749, 0.000300441038382
750, 0.000294432217614
750, 0.000288543573262
752, 0.000282772701797
752, 0.000277117247761
752, 0.000271574902805
753, 0.000266143404749
754, 0.000260820536654
754, 0.000255604125921
755, 0.000250492043403
755, 0.000245482202535
756, 0.000240572558484
757, 0.000235761107314
759, 0.000231045885168
759, 0.000226424967465
760, 0.000221896468115
761, 0.000221896468115
761, 0.000221896468115
762, 0.000221896468115
762, 0.000221896468115
762, 0.000221896468115
762, 0.000221896468115
763, 0.000221896468115
763, 0.000221896468115
763, 0.000221896468115
763, 0.000221896468115
764, 0.000221896468115
764, 0.000221896468115
764, 0.000221896468115
765, 0.000221896468115
765, 0.000221896468115
765, 0.000221896468115
765, 0.000221896468115
766, 0.000221896468115
766, 0.000221896468115
766, 0.000221896468115
766, 0.000221896468115
767, 0.000221896468115
768, 0.000221896468115
768, 0.000217458538753
768, 0.000213109367978
769, 0.000208847180619
770, 0.000204670237006
771, 0.000200576832266
771, 0.000196565295621
772, 0.000192633989708
772, 0.000188781309914
773, 0.000185005683716
774, 0.000181305570042
775, 0.000177679458641
775, 0.000174125869468
776, 0.000170643352079
777, 0.000167230485037
778, 0.000163885875336
778, 0.000160608157829
779, 0.000157395994673
780, 0.000154248074779
781, 0.000151163113284
781, 0.000148139851018
782, 0.000145177053998
782, 0.000142273512918
783, 0.000139428042659
783, 0.000136639481806
784, 0.000133906692170
784, 0.000131228558327
785, 0.000128603987160
786, 0.000126031907417
786, 0.000123511269269
787, 0.000121041043883
787, 0.000118620223006
788, 0.000116247818546
789, 0.000113922862175
790, 0.000111644404931
791, 0.000109411516833
791, 0.000107223286496
792, 0.000105078820766
793, 0.000102977244351
794, 0.000100917699464
794, 0.000098899345474
795, 0.000096921358565
796, 0.000094982931394
796, 0.000093083272766
796, 0.000091221607310
797, 0.000089397175164
798, 0.000087609231661
798, 0.000085857047028
798, 0.000084139906087
799, 0.000082457107965
800, 0.000080807965806
800, 0.000079191806490
801, 0.000077607970360
801, 0.000076055810953
802, 0.000074534694734
803, 0.000073044000839
803, 0.000071583120822
804, 0.000070151458406
804, 0.000068748429238
805, 0.000067373460653
806, 0.000066025991440
807, 0.000064705471611
808, 0.000063411362179
809, 0.000062143134935
810, 0.000060900272237
811, 0.000059682266792
811, 0.000058488621456
812, 0.000057318849027
813, 0.000056172472046
814, 0.000055049022606
815, 0.000053948042153
1480, 0.000000154558227
1963, 0.000104196340951
1963, 0.000104196340951
1963, 0.000104196340951
1964, 0.000104196340951
1964, 0.000104196340951
1964, 0.000104196340951
1964, 0.000104196340951
1964, 0.000104196340951
1965, 0.000104196340951
1965, 0.000104196340951
1965, 0.000104196340951
1965, 0.000104196340951
1965, 0.000104196340951
1965, 0.000104196340951
1966, 0.000104196340951
1966, 0.000104196340951
1966, 0.000104196340951
1966, 0.000104196340951
1967, 0.000104196340951
1967, 0.000104196340951
1967, 0.000104196340951
1967, 0.000104196340951
1967, 0.000104196340951
1968, 0.000104196340951
1968, 0.000104196340951
1968, 0.000104196340951
1968, 0.000104196340951
1968, 0.000104196340951
1968, 0.000104196340951
1969, 0.000104196340951
1969, 0.000104196340951
1970, 0.000102112414132
1970, 0.000100070165849
1970, 0.000098068762532
1971, 0.000096107387281
1972, 0.000094185239536
1972, 0.000092301534745
1973, 0.000090455504050
1973, 0.000088646393969
1973, 0.000086873466090
1974, 0.000083433276833
1974, 0.000080129319070
1975, 0.000076956198035
1975, 0.000073908732593
1976, 0.000070981946782
1976, 0.000068171061689
1977, 0.000065471487647
1978, 0.000062878816736
1978, 0.000059181039281
1979, 0.000055700720723
1980, 0.000052425072739
1981, 0.000049342059061
1982, 0.000046440351252
1982, 0.000043709287076
1984, 0.000040316054695
1985, 0.000037186245187
1986, 0.000034299408551
1987, 0.000031636682354
1987, 0.000029180668491
1989, 0.000026915319504
1989, 0.000024825833727
1990, 0.000022898558575
1991, 0.000021120901339
1992, 0.000019481246906
1993, 0.000017968881863
1994, 0.000016573924501
1995, 0.000015287260246
1996, 0.000014100482105
1996, 0.000013005835734
1998, 0.000011996168775
1998, 0.000011064884120
1999, 0.000010205896807
2000, 0.000009413594259
2001, 0.000008682799615
2002, 0.000008008737905
2003, 0.000007387004845
2004, 0.000006813538067
2005, 0.000006284590570
2006, 0.000005796706240
2007, 0.000005346697269
2008, 0.000004931623322
2009, 0.000004548772329
2010, 0.000004195642764
2011, 0.000003869927296
2012, 0.000003569497719
2013, 0.000003292391044
2014, 0.000003036796669
2014, 0.000002801044556
2015, 0.000002583594313
2017, 0.000002335364630
2018, 0.000002110984657
2019, 0.000001908162933
2021, 0.000001690331596
2023, 0.000001497367365
2025, 0.000001326431472
2027, 0.000001175009213
2028, 0.000001040872959
2030, 0.000000922049380
2032, 0.000000816790418
2034, 0.000000723547569
2035, 0.000000640949101
2037, 0.000000567779878
2038, 0.000000502963479
2039, 0.000000445546365
2041, 0.000000394683853
2339, 0.025165361006812
2341, 0.021846692443385
2343, 0.018965671527091
2344, 0.016464583707838
2346, 0.014293325511052
2348, 0.012408400831151
2352, 0.010991887334982
2411, 0.009737079647009
2476, 0.008625517817169
2479, 0.007640849239346
2481, 0.006906722532658
2484, 0.006243130134997
2486, 0.005643295166152
2488, 0.005101091863166
2489, 0.004610983021503
2491, 0.004167963446828
2493, 0.003767508839890
2495, 0.003405529592505
2497, 0.003016762442327
2499, 0.002672376024412
2502, 0.002367303940029
2503, 0.002139855263739
2506, 0.001895574481535
2508, 0.001679180211828
2510, 0.001517845915046
2512, 0.001372012488948
2514, 0.001215386809785
2516, 0.001076641145251
2518, 0.000953734355445
2521, 0.000827961145896
2523, 0.000718774211289
2526, 0.000623986245459
2530, 0.000530864424236
2534, 0.000451639822144
2536, 0.000392080061435
2538, 0.000340374712408
2539, 0.000295487978713
2540, 0.000256520659088
2542, 0.000222692133960
2543, 0.000193324727544
2545, 0.000167830132189
2547, 0.000145697623001
2549, 0.000126483826661
2551, 0.000109803839467
2553, 0.000095323516690
2555, 0.000082752778757
2556, 0.000073305918557
2557, 0.000064937489426
2559, 0.000057524380241
2560, 0.000050957533950
2561, 0.000045140343197
2563, 0.000040803294991
2564, 0.000036882946920
2566, 0.000033339262768
2567, 0.000030136052966
2568, 0.000027240605010
2865, 0.471001378712813
2866, 0.425747941539984
2867, 0.384842418552782
2869, 0.347867065620670
2870, 0.314444275136314
2871, 0.284232719730415
2873, 0.256923866495348
2874, 0.232238826119412
2876, 0.209925504753755
2880, 0.193628601556792
2883, 0.175024919802486
2887, 0.158208664967719
2890, 0.143008102498285
2894, 0.129267997959106
2897, 0.116848031715935
2899, 0.103508938614516
2902, 0.091692604622989
2904, 0.081225195186850
2906, 0.071952720290462
2911, 0.062463993670710
2974, 0.054226587814105
2978, 0.047075485462270
2983, 0.040050082301385
2986, 0.034073129073376
2989, 0.029579753346209
2992, 0.026202999129575
2995, 0.022747492592026
2999, 0.019747679136478
3001, 0.017143464480740
3004, 0.014585025659158
3007, 0.012408400514218
3011, 0.010556608326882
3015, 0.008801548568222
3018, 0.007488032063301
3021, 0.006370540791363
3024, 0.005419820539141
3027, 0.004610982903730
3030, 0.003922853752251
3032, 0.003337418915411
3035, 0.002839352604097
3037, 0.002415616203637
3040, 0.002097058104902
3042, 0.001820509685567
3044, 0.001580430941564
3047, 0.001372012453905
3050, 0.001191079043167
3052, 0.001034006129488
3623, 0.000288261854327
3625, 0.000271309751198
3626, 0.000255354567349
3628, 0.000240337675953
3629, 0.000226203897905
3630, 0.000212901299077
3632, 0.000200380999481
3634, 0.000188596993664
3635, 0.000177505981660
3637, 0.000167067209891
3638, 0.000157242321412
3639, 0.000145035310674
3641, 0.000133775952642
3643, 0.000123390679290
3644, 0.000113811633818
3646, 0.000102876702726
3649, 0.000092992391100
3652, 0.000084057756260
3654, 0.000075981554016
3655, 0.000067307680711
3656, 0.000059623996131
3657, 0.000052817462690
3659, 0.000046787946900
3660, 0.000041446746278
3663, 0.000036715284402
3665, 0.000032523954949
3666, 0.000028234875733
3668, 0.000024511416552
3670, 0.000021278986565
3672, 0.000018103374927
3673, 0.000015401681972
3675, 0.000013103181507
3677, 0.000010924748259
3678, 0.000009108484412
3680, 0.000007594178495
3681, 0.000006331629326
3683, 0.000005278981781
3684, 0.000004401339246
3686, 0.000003669606747
3688, 0.000003121965728
3690, 0.000002656052999
3692, 0.000002259671677
3694, 0.000001922445106
3696, 0.000001635545209
3698, 0.000001391461386
3701, 0.000001183803894
3703, 0.000001007136579
3704, 0.000000856834560
3706, 0.000000728963161
3707, 0.000000620174902
3709, 0.000000527621874
3711, 0.000000448881180
4074, 0.034768499636118
4075, 0.032723833709517
4077, 0.030799410496728
4078, 0.028988158764236
4079, 0.027283423123629
4081, 0.025678939576575
4082, 0.023685436247996
4084, 0.021846692250862
4085, 0.020150693333514
4086, 0.018586357932757
4088, 0.016800595472188
4089, 0.015186407645935
4091, 0.013727309699843
4092, 0.012408400721802
4095, 0.011216211467465
4098, 0.009935795470613
4105, 0.008801548715466
4110, 0.007796784869399
4117, 0.006906722471793
4127, 0.006118267478380
4130, 0.005419820629811
4132, 0.004801106810567
4135, 0.004167963410098
4142, 0.003618315457944
4144, 0.003141152036383
4148, 0.002726914286594
4153, 0.002319957840784
4159, 0.001973734344888
4162, 0.001679180197030
4167, 0.001400012731487
4172, 0.001167257481831
4176, 0.000973198313306
4179, 0.000795173877511
4183, 0.000649714952062
4188, 0.000530864419558
4192, 0.000433754881365
4197, 0.000354409318418
4201, 0.000289578216587
4205, 0.000236606486240
4211, 0.000193324725840
4214, 0.000157960376383
4216, 0.000129065128108
4219, 0.000105455606495
4222, 0.000086164908401
4224, 0.000070403003562
4226, 0.000057524379734
4227, 0.000047001606414
4229, 0.000038403734481
4231, 0.000032019027681
4233, 0.000026695792674
4234, 0.000022257557400
4236, 0.000018557188673
4237, 0.000015472014528
4239, 0.000013163017845
4241, 0.000011198608848
4242, 0.000009527362312
4243, 0.000008105527558
4245, 0.000006895883125
4629, 0.035478049929401
4630, 0.033391656769153
4631, 0.031427960217872
4632, 0.029579744733380
4633, 0.027840219105099
4635, 0.026202991499966
4636, 0.024168805056320
4638, 0.022292536249196
4639, 0.020561925641904
4640, 0.018965665520380
4642, 0.017143459489024
4643, 0.015496329561227
4645, 0.014007454564460
4650, 0.012661629491047
4652, 0.011445110218333
4656, 0.010345473148020
4660, 0.009351488331231
4664, 0.008453004783632
4671, 0.007640846819375
4677, 0.006768585938292
4683, 0.005995900282659
4686, 0.005311422581814
4688, 0.004610981561136
4691, 0.004002910826552
4694, 0.003475029095840
4698, 0.003016761486874
4701, 0.002566549120981
4706, 0.002183525087770
4709, 0.001857662403555
4715, 0.001548821871757
4718, 0.001291326769516
4722, 0.001076640804262
4726, 0.000879693923948
4732, 0.000718773983642
4736, 0.000587290676332
4740, 0.000479859241370
4746, 0.000392079937257
4751, 0.000320357854859
4756, 0.000261755691678
4761, 0.000213873457718
4765, 0.000174750186416
4772, 0.000142783625319
4774, 0.000116664617517
4776, 0.000095323486499
4778, 0.000077886228676
4781, 0.000063638719482
4783, 0.000051997467154
4785, 0.000042485716439
4786, 0.000035422371003
4788, 0.000029533322553
4790, 0.000024623341587
4792, 0.000020529655944
4793, 0.000017116554701
4795, 0.000014562131814
4796, 0.000012388923277
4798, 0.000010540037814
4799, 0.000008967074428
4800, 0.000007628855344
