62, 14.090595318994744
63, 12.736782148132079
65, 11.513042268007563
66, 10.406878340489476
67, 9.406993761735908
69, 8.333113750668931
71, 7.381825324903103
73, 6.539133720934334
74, 5.792641784140538
76, 5.131367589555342
77, 4.454671224967667
79, 3.867213832613874
81, 3.357227070617011
83, 2.856204650091522
84, 2.429953301224014
87, 2.067314415281931
89, 1.758794660572151
97, 1.466391112298488
100, 1.247551334986128
103, 1.061370544578740
107, 0.902974812585084
112, 0.768217580870107
116, 0.653571111101520
122, 0.556034133952865
128, 0.463592214851177
133, 0.386518971673128
139, 0.328836048625834
146, 0.274166319649510
151, 0.228585555459238
155, 0.190582695319417
159, 0.158897895723296
163, 0.135184454047437
169, 0.115009934731466
172, 0.097846199699076
175, 0.083243928604127
179, 0.070820856310829
182, 0.060251765776831
185, 0.052306096294068
189, 0.045408257737342
192, 0.039420067962035
194, 0.034221567520163
197, 0.029708616551980
201, 0.025790808586210
768, 0.000220263083645
768, 0.000215857821972
769, 0.000211540665532
770, 0.000207309852222
770, 0.000203163655177
771, 0.000199100382074
772, 0.000195118374432
772, 0.000191216006944
773, 0.000187391686805
774, 0.000183643853069
775, 0.000179970976007
775, 0.000176371556487
776, 0.000172844125357
776, 0.000169387242850
777, 0.000165999497993
778, 0.000162679508033
779, 0.000159425917873
779, 0.000156237399515
780, 0.000153112651525
781, 0.000150050398494
781, 0.000147049390525
782, 0.000144108402714
783, 0.000141226234660
783, 0.000138401709967
784, 0.000135633675767
784, 0.000132921002252
785, 0.000130262582207
785, 0.000127657330563
786, 0.000125104183952
787, 0.000122602100272
787, 0.000120150058267
788, 0.000117747057102
789, 0.000115392115960
789, 0.000113084273640
790, 0.000110822588168
791, 0.000108606136404
791, 0.000106434013676
793, 0.000104305333403
793, 0.000102219226735
794, 0.000100174842200
795, 0.000098171345356
795, 0.000096207918449
796, 0.000094283760080
796, 0.000092398084878
797, 0.000090550123181
797, 0.000088739120717
798, 0.000086964338303
798, 0.000085225051537
799, 0.000083520550506
799, 0.000081850139496
800, 0.000080213136706
801, 0.000078608873972
801, 0.000077036696492
802, 0.000075495962563
802, 0.000073986043311
803, 0.000072506322445
803, 0.000071056195996
804, 0.000069635072076
805, 0.000068242370635
806, 0.000066877523222
807, 0.000065539972758
808, 0.000064229173302
808, 0.000062944589836
809, 0.000061685698040
810, 0.000060451984079
811, 0.000059242944397
812, 0.000058058085509
813, 0.000056896923799
814, 0.000055758985323
814, 0.000054643805617
815, 0.000053550929504
816, 0.000053550929504
817, 0.000053550929504
817, 0.000053550929504
818, 0.000053550929504
818, 0.000053550929504
819, 0.000053550929504
821, 0.000053550929504
822, 0.000053550929504
824, 0.000053550929504
824, 0.000053550929504
825, 0.000052479910914
826, 0.000051430312696
828, 0.000050401706442
830, 0.000049393672313
832, 0.000048405798867
833, 0.000047437682890
836, 0.000046488929232
837, 0.000045559150647
839, 0.000044647967634
839, 0.000043755008282
842, 0.000042879908116
844, 0.000042022309954
844, 0.000041181863755
845, 0.000040358226479
845, 0.000039551061950
846, 0.000038760040711
847, 0.000037984839897
848, 0.000037225143099
849, 0.000036480640237
849, 0.000035751027432
849, 0.000035036006883
850, 0.000034335286746
850, 0.000033648581011
851, 0.000032975609391
851, 0.000032316097203
852, 0.000031669775259
853, 0.000031036379754
855, 0.000030415652158
859, 0.000029807339115
860, 0.000029211192333
861, 0.000028626968486
862, 0.000028054429117
864, 0.000027493340534
864, 0.000026943473724
865, 0.000026404604249
866, 0.000025876512164
866, 0.000025358981921
867, 0.000024851802282
867, 0.000024354766237
868, 0.000023867670912
871, 0.000023390317494
872, 0.000022922511144
872, 0.000022464060921
873, 0.000022014779703
873, 0.000021574484109
874, 0.000021142994426
874, 0.000020720134538
874, 0.000020305731847
875, 0.000019501624866
875, 0.000018729360521
876, 0.000017987677845
876, 0.000017275365802
877, 0.000016591261316
878, 0.000015934247368
878, 0.000015303251172
879, 0.000014697242426
879, 0.000014115231626
880, 0.000013285143084
880, 0.000012503870390
880, 0.000011768542780
881, 0.000011076458316
882, 0.000010425073956
882, 0.000009811996206
883, 0.000009234972333
884, 0.000008691882080
885, 0.000008180729879
886, 0.000007699637516
886, 0.000007246837233
887, 0.000006820665229
888, 0.000006419555548
889, 0.000006042034326
890, 0.000005686714371
890, 0.000005352290072
891, 0.000005037532598
892, 0.000004741285381
893, 0.000004462459870
894, 0.000004200031530
895, 0.000003953036076
896, 0.000003720565930
898, 0.000003501766889
898, 0.000003295834982
899, 0.000003102013518
900, 0.000002919590307
901, 0.000002747895040
902, 0.000002586296829
903, 0.000002434201885
904, 0.000002291051341
906, 0.000002113192809
907, 0.000001949141763
908, 0.000001797826302
909, 0.000001658257738
910, 0.000001529524139
911, 0.000001410784365
912, 0.000001301262579
913, 0.000001200243171
914, 0.000001084924763
915, 0.000000980686057
916, 0.000000886462522
917, 0.000000801291909
918, 0.000000709818332
920, 0.000000628787162
921, 0.000000557006316
923, 0.000000483551405
924, 0.000000419783322
926, 0.000000364424620
927, 0.000000316366317
1677, 0.000000168296736
1677, 0.000000168296736
1678, 0.000000168296736
1678, 0.000000168296736
1678, 0.000000168296736
1678, 0.000000164930801
1679, 0.000000161632185
1679, 0.000000158399541
1680, 0.000000155231550
1680, 0.000000149084381
1681, 0.000000143180640
1682, 0.000000134760473
1683, 0.000000126835479
1684, 0.000000116989007
1685, 0.000000105748796
1686, 0.000000095588536
1687, 0.000000086404466
1688, 0.000000078102794
1690, 0.000000070598740
1691, 0.000000063815669
1693, 0.000000057684310
1694, 0.000000052142048
1695, 0.000000047132281
1696, 0.000000042603849
1697, 0.000000038510505
1699, 0.000000034810447
1700, 0.000000031465887
1701, 0.000000028442669
1702, 0.000000025709920
1704, 0.000000023239732
1705, 0.000000021006877
1706, 0.000000018988553
1707, 0.000000017164148
1709, 0.000000015515030
1710, 0.000000014024358
1711, 0.000000012676909
1712, 0.000000011458922
1713, 0.000000010357958
1715, 0.000000009362773
1716, 0.000000008463206
1717, 0.000000007650068
1718, 0.000000006915055
1720, 0.000000006250662
1722, 0.000000005650104
1723, 0.000000005107246
1725, 0.000000004616546
1726, 0.000000004172992
1727, 0.000000003772054
1729, 0.000000003409638
1730, 0.000000003082043
1731, 0.000000002785923
1733, 0.000000002518253
1734, 0.000000002276302
1735, 0.000000002057596
1737, 0.000000001859904
1738, 0.000000001681206
1739, 0.000000001519677
1741, 0.000000001373668
1742, 0.000000001241687
1743, 0.000000001122387
1745, 0.000000001014549
1747, 0.000000000917072
1748, 0.000000000828960
1750, 0.000000000749314
1751, 0.000000000677321
1753, 0.000000000612244
1754, 0.000000000553420
1755, 0.000000000500248
1757, 0.000000000452185
1758, 0.000000000408739
1759, 0.000000000369468
1761, 0.000000000333970
1762, 0.000000000301882
1763, 0.000000000272878
1765, 0.000000000246660
1766, 0.000000000222961
1767, 0.000000000201539
1769, 0.000000000182175
1770, 0.000000000164672
1772, 0.000000000148850
1773, 0.000000000134549
1774, 0.000000000121622
1776, 0.000000000109936
1777, 0.000000000099374
2248, 2.055255684965728
2248, 2.055255684965728
2249, 2.055255684965728
2249, 2.055255684965728
2249, 2.055255684965728
2249, 2.055255684965728
2250, 2.055255684965728
2250, 2.055255684965728
2250, 2.055255684965728
2250, 2.055255684965728
2250, 2.055255684965728
2251, 2.055255684965728
2251, 2.055255684965728
2251, 2.055255684965728
2251, 2.055255684965728
2251, 2.055255684965728
2251, 2.055255684965728
2252, 2.055255684965728
2252, 2.055255684965728
2252, 2.055255684965728
2252, 2.055255684965728
2252, 2.055255684965728
2253, 2.055255684965728
2253, 2.055255684965728
2253, 2.055255684965728
2253, 2.055255684965728
2253, 2.055255684965728
2254, 2.055255684965728
2254, 2.055255684965728
2254, 2.055255684965728
2255, 2.055255684965728
2255, 2.055255684965728
2255, 2.055255684965728
2255, 2.055255684965728
2255, 2.055255684965728
2255, 2.055255684965728
2256, 2.055255684965728
2256, 2.055255684965728
2256, 2.055255684965728
2257, 2.055255684965728
2257, 2.055255684965728
2257, 2.055255684965728
2258, 2.055255684965728
2258, 2.055255684965728
2258, 2.055255684965728
2258, 2.055255684965728
2259, 2.055255684965728
2259, 2.055255684965728
2259, 2.055255684965728
2259, 2.055255684965728
2260, 2.055255684965728
2260, 2.055255684965728
2260, 2.055255684965728
2261, 2.055255684965728
2261, 2.055255684965728
2261, 2.055255684965728
2261, 2.055255684965728
2261, 2.055255684965728
2262, 2.055255684965728
2262, 2.055255684965728
2262, 2.055255684965728
2262, 2.055255684965728
2262, 2.055255684965728
2263, 2.055255684965728
2263, 2.055255684965728
2263, 2.055255684965728
2263, 2.055255684965728
2263, 2.055255684965728
2264, 2.055255684965728
2264, 2.055255684965728
2264, 2.055255684965728
2264, 2.055255684965728
2264, 2.055255684965728
2265, 2.055255684965728
2265, 2.055255684965728
2265, 2.055255684965728
2265, 2.055255684965728
2266, 2.014150571266413
2266, 1.973867559841085
2266, 1.934390208644263
2267, 1.895702404471378
2267, 1.857788356381950
2268, 1.820632589254311
2268, 1.784219937469225
2269, 1.748535538719840
2269, 1.713564827945444
2270, 1.679293531386535
2270, 1.645707660758804
2270, 1.612793507543628
2271, 1.580537637392755
2271, 1.548926884644900
2272, 1.517948346952002
2272, 1.487589380012962
2272, 1.457837592412703
2273, 1.428680840564449
2273, 1.400107223753160
2274, 1.372105079278096
2274, 1.344662977692535
2274, 1.317769718138684
2275, 1.291414323775910
2275, 1.265586037300392
2276, 1.240274316554384
2276, 1.215468830223296
2277, 1.191159453618830
2277, 1.167336264546454
2277, 1.143989539255525
2278, 1.121109748470414
2279, 1.098687553501006
2279, 1.076713802430985
2280, 1.055179526382366
2280, 1.034075935854718
2281, 1.013394417137624
2281, 0.993126528794872
2282, 0.973263998218974
2282, 0.953798718254595
2283, 0.934722743889503
2283, 0.916028289011713
2283, 0.897707723231478
2284, 0.879753568766849
2284, 0.862158497391512
2285, 0.844915327443682
2285, 0.828017020894808
2285, 0.811456680476912
2286, 0.795227546867373
2286, 0.779322995930026
2287, 0.763736536011425
2287, 0.748461805291197
2287, 0.733492569185373
2288, 0.718822717801666
2288, 0.704446263445632
2289, 0.690357338176720
2289, 0.676550191413185
2290, 0.663019187584921
2290, 0.649758803833223
2290, 0.636763627756558
2291, 0.624028355201427
2291, 0.611547788097399
2292, 0.599316832335451
2292, 0.587330495688742
2293, 0.575583885774967
2293, 0.564072208059468
2294, 0.552790763898278
2294, 0.541734948620313
2294, 0.530900249647906
2295, 0.520282244654948
2295, 0.509876599761849
2295, 0.499679067766612
2296, 0.489685486411280
2296, 0.479891776683054
2297, 0.470293941149393
2297, 0.460888062326405
2297, 0.451670301079877
2298, 0.433784157157114
2299, 0.416606304533692
2299, 0.400108694874158
2300, 0.384264390557141
2301, 0.369047520691079
2302, 0.354433238871712
2303, 0.333589728960144
2303, 0.313971984179456
2304, 0.295507919733831
2305, 0.278129689990123
2306, 0.261773439181184
2307, 0.246379066769817
2308, 0.231890006611218
2308, 0.218253019102425
2309, 0.205417995555050
2310, 0.193337774072448
2311, 0.178328606929700
2312, 0.164484629049111
2314, 0.151715384644311
2315, 0.139937440178065
2316, 0.129073839212152
2317, 0.119053599578248
2319, 0.109811249584366
2320, 0.099260672221904
2322, 0.089723785925727
2323, 0.081103196065895
2324, 0.073310865610911
2326, 0.066267216057112
2327, 0.059900314740063
2328, 0.054145140228408
2330, 0.047964059932148
2332, 0.042488597046198
2333, 0.037638199966975
2335, 0.033341512670180
2337, 0.029535324965360
2339, 0.026163642586906
2341, 0.022713326172435
2342, 0.019718018395251
2344, 0.017117715233946
2346, 0.014860325665435
2348, 0.012900628142526
2808, 4.443883901872254
2808, 4.443883901872254
2808, 4.443883901872254
2809, 4.443883901872254
2809, 4.443883901872254
2809, 4.443883901872254
2809, 4.443883901872254
2810, 4.443883901872254
2810, 4.443883901872254
2810, 4.443883901872254
2810, 4.443883901872254
2810, 4.443883901872254
2811, 4.443883901872254
2811, 4.443883901872254
2811, 4.443883901872254
2811, 4.443883901872254
2811, 4.443883901872254
2812, 4.443883901872254
2812, 4.443883901872254
2812, 4.443883901872254
2812, 4.443883901872254
2812, 4.443883901872254
2813, 4.443883901872254
2813, 4.443883901872254
2813, 4.443883901872254
2813, 4.443883901872254
2814, 4.443883901872254
2814, 4.443883901872254
2814, 4.443883901872254
2814, 4.443883901872254
2814, 4.443883901872254
2815, 4.443883901872254
2815, 4.443883901872254
2815, 4.443883901872254
2815, 4.443883901872254
2815, 4.443883901872254
2816, 4.443883901872254
2816, 4.443883901872254
2816, 4.443883901872254
2816, 4.443883901872254
2816, 4.443883901872254
2817, 4.443883901872254
2817, 4.443883901872254
2817, 4.443883901872254
2817, 4.443883901872254
2817, 4.443883901872254
2818, 4.443883901872254
2818, 4.443883901872254
2818, 4.443883901872254
2819, 4.443883901872254
2819, 4.443883901872254
2819, 4.443883901872254
2819, 4.443883901872254
2819, 4.443883901872254
2820, 4.443883901872254
2820, 4.443883901872254
2820, 4.443883901872254
2820, 4.443883901872254
2821, 4.443883901872254
2821, 4.443883901872254
2821, 4.443883901872254
2821, 4.443883901872254
2821, 4.443883901872254
2822, 4.443883901872254
2822, 4.443883901872254
2822, 4.443883901872254
2822, 4.443883901872254
2822, 4.443883901872254
2823, 4.443883901872254
2823, 4.443883901872254
2823, 4.443883901872254
2823, 4.443883901872254
2823, 4.443883901872254
2823, 4.443883901872254
2824, 4.443883901872254
2824, 4.443883901872254
2824, 4.443883901872254
2824, 4.443883901872254
2824, 4.443883901872254
2825, 4.355006223834809
2825, 4.267906099358113
2826, 4.182547977370951
2826, 4.098897017823532
2826, 4.016919077467061
2827, 3.936580695917720
2827, 3.857849081999365
2827, 3.780692100359378
2828, 3.705078258352190
2828, 3.630976693185146
2829, 3.558357159321443
2829, 3.487190016135014
2830, 3.417446215812314
2830, 3.349097291496067
2830, 3.282115345666146
2831, 3.216473038752823
2831, 3.152143577977766
2831, 3.089100706418211
2832, 3.027318692289847
2832, 2.966772318444050
2833, 2.907436872075169
2833, 2.849288134633665
2834, 2.792302371940992
2834, 2.736456324502172
2834, 2.681727198012128
2835, 2.628092654051886
2835, 2.575530800970848
2835, 2.524020184951431
2836, 2.473539781252402
2836, 2.424068985627354
2837, 2.375587605914807
2837, 2.328075853796511
2837, 2.281514336720581
2838, 2.235884049986169
2838, 2.191166368986445
2839, 2.147343041606717
2839, 2.104396180774582
2840, 2.062308257159091
2840, 2.021062092015909
2841, 1.980640850175591
2841, 1.941028033172079
2841, 1.902207472508637
2842, 1.864163323058464
2842, 1.826880056597295
2843, 1.790342455465349
2843, 1.754535606356042
2844, 1.719444894228921
2844, 1.685055996344342
2845, 1.651354876417455
2845, 1.618327778889106
2846, 1.554241998845098
2846, 1.492694015690832
2847, 1.433583332669475
2848, 1.376813432695764
2848, 1.322291620761011
2849, 1.269928872578875
2850, 1.219639689224752
2852, 1.171341957531451
2853, 1.102457679692942
2854, 1.037624348465559
2854, 0.976603735780996
2855, 0.919171623287187
2856, 0.865116978464914
2857, 0.814241179195350
2858, 0.766357283929229
2859, 0.706863557880401
2860, 0.651988439253199
2861, 0.601373377055245
2863, 0.554687655267432
2864, 0.511626231963736
2865, 0.462469591260442
2866, 0.418035881427909
2868, 0.377871327031305
2869, 0.341565751018011
2870, 0.308748385819791
2872, 0.279084086920939
2873, 0.252269910223776
2874, 0.228032018258140
2877, 0.206122883639810
2880, 0.190121184916746
2884, 0.171854492958505
2887, 0.155342850208712
2891, 0.140417632937842
2895, 0.126926418649944
2897, 0.114731429481027
2900, 0.101633962651403
2902, 0.090031671451762
2904, 0.079753870191994
2906, 0.070649358253995
2914, 0.061332511807788
2975, 0.053244319518496
2978, 0.046222753274353
2983, 0.039324609287741
2987, 0.033455923459486
3502, 0.005509446720711
3503, 0.005291272630571
3504, 0.005081738234400
3504, 0.004880501400318
3505, 0.004687233544865
3506, 0.004501619096488
3507, 0.004323354980268
3508, 0.004152150123049
3509, 0.003987724978176
3510, 0.003829811069040
3510, 0.003678150550706
3511, 0.003532495788898
3512, 0.003392608955658
3513, 0.003258261641014
3514, 0.003129234480030
3515, 0.003005316794621
3516, 0.002886306249554
3516, 0.002772008522071
3517, 0.002662236984597
3518, 0.002556812400007
3518, 0.002455562628967
3519, 0.002358322348860
3521, 0.002264932783845
3521, 0.002175241445605
3522, 0.002089101884359
3523, 0.002006373449738
3523, 0.001926921061129
3524, 0.001850614987108
3525, 0.001777330633618
3527, 0.001706948340527
3530, 0.001639353186242
3535, 0.001574434800067
3538, 0.001512087181984
3542, 0.001452208529578
3544, 0.001394701071807
3548, 0.001339470909363
3553, 0.001286427861352
3554, 0.001260699304125
3555, 0.001235485318043
3556, 0.001210775611682
3558, 0.001186560099448
3558, 0.001162828897459
3561, 0.001139572319510
3562, 0.001116780873120
3564, 0.001094445255657
3565, 0.001072556350544
3566, 0.001051105223533
3567, 0.001030083119063
3569, 0.001009481456681
3572, 0.000989291827548
3574, 0.000969505990997
3575, 0.000950115871177
3576, 0.000931113553753
3577, 0.000912491282678
3578, 0.000894241457025
3579, 0.000876356627884
3580, 0.000858829495327
3582, 0.000841652905420
3583, 0.000824819847312
3584, 0.000808323450365
3586, 0.000792156981358
3587, 0.000776313841731
3588, 0.000760787564896
3589, 0.000745571813598
3589, 0.000730660377326
3590, 0.000716047169780
3591, 0.000701726226384
3592, 0.000687691701857
3593, 0.000673937867820
3594, 0.000660459110463
3594, 0.000647249928254
3595, 0.000634304929689
3595, 0.000621618831095
3596, 0.000609186454473
3597, 0.000597002725384
3597, 0.000585062670876
3598, 0.000573361417458
3598, 0.000561894189109
3598, 0.000550656305327
3599, 0.000539643179221
3600, 0.000518273309323
3601, 0.000497749686274
3602, 0.000478038798698
3603, 0.000459108462269
3606, 0.000440927767163
3608, 0.000423467027584
3611, 0.000406697733291
3613, 0.000390592503053
3613, 0.000375125039932
3615, 0.000360270088351
3617, 0.000346003392852
3618, 0.000332301658495
3620, 0.000319142512819
3621, 0.000306504469311
3622, 0.000294366892326
3624, 0.000277055764123
3626, 0.000260762668746
3627, 0.000245427737722
3629, 0.000230994623322
3630, 0.000217410291514
3631, 0.000204624827091
3632, 0.000192591250259
3635, 0.000181265344014
3636, 0.000170605491663
3638, 0.000160572523909
3639, 0.000151129574923
3640, 0.000139397107944
3642, 0.000128575453963
3644, 0.000118593904893
3645, 0.000109387241844
3647, 0.000098877402807
3650, 0.000089377340731
3653, 0.000080790037049
3654, 0.000073027794663
3655, 0.000064691115494
3657, 0.000057306131770
3658, 0.000050764200205
3659, 0.000044969079972
3661, 0.000039835516868
3663, 0.000035287989105
3665, 0.000031259596285
3667, 0.000027137253694
3669, 0.000023558542834
3671, 0.000020451772560
3672, 0.000017399611840
3674, 0.000014802946361
3675, 0.000012593799389
3677, 0.000010500052058
3679, 0.000008754394905
3680, 0.000007298957161
3682, 0.000006085489199
3683, 0.000005073763001
3685, 0.000004230238548
4082, 0.024769492566196
4083, 0.022846591282416
4084, 0.021072968363434
4085, 0.019437035055119
4087, 0.017928102259646
4088, 0.016205584479651
4090, 0.014648564835456
4091, 0.013241142398042
4093, 0.011968943986980
4096, 0.010818977385566
4100, 0.009583908685743
4107, 0.008489832488162
4112, 0.007520653424450
4123, 0.006528871264464
4129, 0.005783550865268
4131, 0.005123314468337
4133, 0.004538449086546
4136, 0.003939943533371
4143, 0.003420365580870
4146, 0.002969306693791
4150, 0.002577730956921
4155, 0.002193038180312
4160, 0.001865755790920
4163, 0.001587316036082
4170, 0.001323421192877
4173, 0.001103399457917
4177, 0.000919956828774
4180, 0.000751671708302
4185, 0.000614170512560
4189, 0.000501822024605
4194, 0.000410025130202
4198, 0.000335020384029
4201, 0.000273736045543
4206, 0.000223662279078
4212, 0.000182748366161
4214, 0.000149318720493
4217, 0.000122004266074
4220, 0.000099686368134
4222, 0.000081451020619
4225, 0.000066551414041
4226, 0.000054377350673
4228, 0.000044430254546
4230, 0.000036302752792
4231, 0.000030267338900
4233, 0.000025235326073
4235, 0.000021039896640
4236, 0.000017541966739
4238, 0.000014924056645
4239, 0.000012696835541
4241, 0.000010801998182
4242, 0.000009189940623
4244, 0.000007818461662
4245, 0.000006651658075
4246, 0.000005774474214
4248, 0.000005012968506
4249, 0.000004351885957
4250, 0.000003777983317
4252, 0.000003279763782
4253, 0.000002847246682
4254, 0.000002471767544
4635, 0.025274992131592
4637, 0.023312847986431
4638, 0.021503028701604
4639, 0.019833709017926
4640, 0.018293981692839
4642, 0.016536310508436
4644, 0.014947514970918
4647, 0.013511369642692
4650, 0.012213208013281
4653, 0.011039772718849
4658, 0.009979080152513
4661, 0.009020298082791
4667, 0.008153635030370
4675, 0.007222835467999
4680, 0.006398293767561
4684, 0.005667879784524
4687, 0.005020848122773
4689, 0.004358726453933
4693, 0.003783921727098
4696, 0.003284919067100
4699, 0.002851722116799
4703, 0.002426139727651
4707, 0.002064069967902
4710, 0.001756034404713
4716, 0.001464089755153
4720, 0.001220681556916
4723, 0.001017740516353
4728, 0.000831568100379
4734, 0.000679451681895
4737, 0.000555161492870
4743, 0.000453607359256
4747, 0.000370630238252
4752, 0.000302831889086
4758, 0.000247435701630
4762, 0.000202172983255
4766, 0.000165190046905
4772, 0.000134972295295
4774, 0.000110282192169
4777, 0.000090108580305
4779, 0.000073625270634
4782, 0.000060157206535
4783, 0.000049152817598
4785, 0.000040161430641
4787, 0.000033484502921
4789, 0.000027917629377
4790, 0.000023276261017
4792, 0.000019406530533
4793, 0.000016510358574
4795, 0.000014046402565
4796, 0.000011950159902
4798, 0.000010166754159
4799, 0.000008649498498
4801, 0.000007358673486
4802, 0.000006388252344
4804, 0.000005545804973
4805, 0.000004814454899
4806, 0.000004179551227
4808, 0.000003628375137
4809, 0.000003149885101
