68, 8.803434690756674
70, 7.798455546240623
72, 6.908202428143858
74, 6.119578486437422
75, 5.420981976309838
77, 4.706092868904835
78, 4.085479381326595
80, 3.546708966482629
82, 3.078988612798655
84, 2.619489658719483
86, 2.228564939673917
88, 1.895980644096777
90, 1.580769619057767
99, 1.344860339115044
102, 1.144157447055880
106, 0.973406847966719
110, 0.828138552177975
114, 0.704549657767437
120, 0.599404796401188
125, 0.499752407609568
130, 0.416667451463632
137, 0.354485260418649
143, 0.295551292582172
149, 0.246415228785059
154, 0.205448145554332
158, 0.171291931589713
162, 0.142814264633874
167, 0.121501095447710
171, 0.103368639210092
174, 0.087942215934544
177, 0.074817985441012
181, 0.063652375437276
184, 0.054153087321527
188, 0.047011677807957
192, 0.040812037865856
194, 0.035429972135181
196, 0.030757663452771
200, 0.026701512986360
204, 0.023180265199778
206, 0.020534061313630
209, 0.018189941762873
211, 0.016113421319001
214, 0.014273951505089
216, 0.012644471185605
219, 0.011201008459823
825, 0.000053531923057
825, 0.000052461284595
827, 0.000051412058904
829, 0.000050383817725
831, 0.000049376141371
833, 0.000048388618544
834, 0.000047420846173
837, 0.000046472429249
838, 0.000045542980664
839, 0.000044632121051
840, 0.000043739478630
843, 0.000042864689057
844, 0.000042007395276
845, 0.000041167247371
845, 0.000040343902423
846, 0.000039537024375
847, 0.000038746283887
847, 0.000037971358210
848, 0.000037211931045
849, 0.000036467692424
849, 0.000035738338576
850, 0.000035023571804
850, 0.000034323100368
851, 0.000033636638361
851, 0.000032963905594
852, 0.000032304627482
852, 0.000031658534932
854, 0.000031025364234
857, 0.000030404856949
860, 0.000029796759810
861, 0.000029200824614
862, 0.000028616808121
863, 0.000028044471959
864, 0.000027483582520
865, 0.000026933910869
865, 0.000026395232652
866, 0.000025867327999
867, 0.000025349981439
867, 0.000024842981810
868, 0.000024346122174
869, 0.000023859199731
872, 0.000023382015736
872, 0.000022914375421
873, 0.000022456087913
873, 0.000022006966155
873, 0.000021566826831
874, 0.000021135490295
874, 0.000020712780489
875, 0.000019892554382
875, 0.000019104809228
876, 0.000018348258783
876, 0.000017621667735
877, 0.000016923849693
877, 0.000016253665245
878, 0.000015610020101
878, 0.000014991863305
879, 0.000014398185518
880, 0.000013551457024
880, 0.000012754522940
880, 0.000012004454955
881, 0.000011298496968
882, 0.000010634054958
882, 0.000010008687454
883, 0.000009420096562
884, 0.000008866119523
884, 0.000008344720767
885, 0.000007853984428
886, 0.000007392107311
887, 0.000006957392265
888, 0.000006548241940
889, 0.000006163152928
889, 0.000005800710231
890, 0.000005459582064
891, 0.000005138514962
892, 0.000004836329174
893, 0.000004551914328
894, 0.000004284225350
895, 0.000004032278626
896, 0.000003795148384
897, 0.000003571963298
898, 0.000003361903280
899, 0.000003164196472
900, 0.000002978116406
901, 0.000002802979337
902, 0.000002638141728
903, 0.000002482997889
904, 0.000002336977749
905, 0.000002155553866
906, 0.000001988214254
908, 0.000001833865523
909, 0.000001691499168
910, 0.000001560184975
911, 0.000001439064945
912, 0.000001327347685
913, 0.000001224303242
914, 0.000001106673162
915, 0.000001000344887
916, 0.000000904232547
917, 0.000000817354604
918, 0.000000724047349
919, 0.000000641391827
921, 0.000000568172063
923, 0.000000493244675
924, 0.000000428198297
926, 0.000000371729875
927, 0.000000322708196
1678, 0.000000167339611
1679, 0.000000163992819
1679, 0.000000160712963
1680, 0.000000157498704
1680, 0.000000154348729
1681, 0.000000148236520
1681, 0.000000142366354
1682, 0.000000133994073
1683, 0.000000123591867
1684, 0.000000111717259
1686, 0.000000100983553
1687, 0.000000091281134
1688, 0.000000082510915
1689, 0.000000074583332
1691, 0.000000067417425
1692, 0.000000060940013
1693, 0.000000055084945
1694, 0.000000049792427
1696, 0.000000045008411
1697, 0.000000040684038
1698, 0.000000036775148
1699, 0.000000033241821
1700, 0.000000030047974
1702, 0.000000027160988
1703, 0.000000024551382
1704, 0.000000022192505
1706, 0.000000020060267
1707, 0.000000018132892
1708, 0.000000016390698
1709, 0.000000014815893
1710, 0.000000013392394
1712, 0.000000012105663
1713, 0.000000010942561
1714, 0.000000009891208
1715, 0.000000008940869
1716, 0.000000008081837
1718, 0.000000007305341
1719, 0.000000006603450
1721, 0.000000005968995
1723, 0.000000005395499
1724, 0.000000004877104
1725, 0.000000004408516
1727, 0.000000003984949
1728, 0.000000003602078
1729, 0.000000003255993
1730, 0.000000002943160
1732, 0.000000002660384
1734, 0.000000002404776
1735, 0.000000002173727
1736, 0.000000001964877
1737, 0.000000001776093
1739, 0.000000001605448
1740, 0.000000001451198
1741, 0.000000001311768
1743, 0.000000001185734
1744, 0.000000001071810
1746, 0.000000000968831
1747, 0.000000000875747
1749, 0.000000000791606
1751, 0.000000000715549
1752, 0.000000000646799
1753, 0.000000000584655
1755, 0.000000000528482
1756, 0.000000000477706
1757, 0.000000000431808
1759, 0.000000000390321
1760, 0.000000000352819
1761, 0.000000000318920
1763, 0.000000000288279
1764, 0.000000000260581
1765, 0.000000000235545
1767, 0.000000000212914
1768, 0.000000000192457
1769, 0.000000000173966
1771, 0.000000000157252
1772, 0.000000000142143
1774, 0.000000000128486
1775, 0.000000000116141
1777, 0.000000000104982
1778, 0.000000000094896
1780, 0.000000000087529
1783, 0.000000000080734
1784, 0.000000000074466
1786, 0.000000000068685
1787, 0.000000000063353
1789, 0.000000000058435
2265, 2.026621300947824
2266, 1.986088874928868
2266, 1.946367097430290
2267, 1.907439755481685
2267, 1.869290960372051
2268, 1.831905141164610
2268, 1.795267038341318
2268, 1.759361697574491
2269, 1.724174463623001
2269, 1.689690974350541
2270, 1.655897154863530
2270, 1.622779211766260
2271, 1.590323627530935
2271, 1.558517154980316
2271, 1.527346811880710
2272, 1.496799875643095
2272, 1.466863878130233
2272, 1.437526600567629
2273, 1.408776068556276
2273, 1.380600547185151
2274, 1.352988536241448
2274, 1.325928765516619
2275, 1.299410190206286
2275, 1.273421986402161
2275, 1.247953546674118
2276, 1.222994475740635
2276, 1.198534586225823
2277, 1.174563894501306
2277, 1.151072616611280
2278, 1.128051164279054
2278, 1.105490140993473
2279, 1.083380338173604
2280, 1.061712731410132
2280, 1.040478476781929
2280, 1.019668907246291
2281, 0.999275529101365
2281, 0.979290018519337
2282, 0.959704218148951
2282, 0.940510133785972
2283, 0.921699931110252
2283, 0.903265932488047
2284, 0.885200613838286
2284, 0.867496601561520
2284, 0.850146669530290
2285, 0.833143736139684
2285, 0.816480861416890
2286, 0.800151244188553
2286, 0.784148219304782
2286, 0.768465254918686
2287, 0.753095949820312
2287, 0.738034030823906
2288, 0.723273350207428
2288, 0.708807883203279
2288, 0.694631725539214
2289, 0.680739091028429
2289, 0.667124309207861
2290, 0.653781823023704
2290, 0.640706186563230
2291, 0.627892062831965
2291, 0.615334221575326
2291, 0.603027537143819
2292, 0.590966986400943
2292, 0.579147646672924
2293, 0.567564693739465
2293, 0.556213399864676
2294, 0.545089131867383
2294, 0.534187349230035
2294, 0.523503602245434
2295, 0.513033530200526
2295, 0.502772859596515
2296, 0.492717402404585
2296, 0.482863054356493
2296, 0.473205793269363
2297, 0.463741677403976
2297, 0.454466843855897
2298, 0.445377506978779
2298, 0.427740557702419
2299, 0.410802031617403
2300, 0.394534271165354
2300, 0.378910714027206
2301, 0.363905849751729
2302, 0.349495178101560
2303, 0.328942065667764
2304, 0.309597640669974
2304, 0.291390822617454
2305, 0.274254711120967
2306, 0.258126340069365
2307, 0.242946446262566
2308, 0.228659251650757
2309, 0.215212258379679
2310, 0.202556055888887
2311, 0.186831256567090
2312, 0.172327202350274
2313, 0.158949124549770
2314, 0.146609611544582
2316, 0.135228037638691
2317, 0.124730036257210
2318, 0.115047014039296
2320, 0.106115702652920
2321, 0.095920190495019
2322, 0.086704255021466
2323, 0.078373779284954
2325, 0.070843689019483
2326, 0.064037083826742
2327, 0.057884451837417
2329, 0.051276500630665
2330, 0.045422897401043
2332, 0.040237527579481
2334, 0.035644107231088
2336, 0.031575060813359
2338, 0.027970527046831
2340, 0.024281928707722
2341, 0.021079762307650
2343, 0.018299879894043
2345, 0.015886592991367
2347, 0.013791557012104
2349, 0.011972802785435
2359, 0.010606016125065
2464, 0.009395258575710
2478, 0.008322718225540
2480, 0.007372616528172
2482, 0.006664261406646
2484, 0.006023964480779
2486, 0.005445186773361
2488, 0.004922017566901
2490, 0.004449114040937
2492, 0.004021646708938
2494, 0.003635250097591
2495, 0.003285978164782
2498, 0.002910858720957
2500, 0.002578562019732
2502, 0.002284199518765
2504, 0.002064735449052
2506, 0.001829030166042
2882, 0.177812208972850
2886, 0.160728153615506
2889, 0.145285520684321
2894, 0.131326603620475
2896, 0.118708848185657
2899, 0.105157328706406
2901, 0.093152818426581
2903, 0.082518714459194
2906, 0.073098574482369
2910, 0.063458738952082
2971, 0.055090151591940
2978, 0.047825167227396
2982, 0.041518248801897
2985, 0.035322190843004
2989, 0.030664095761025
2991, 0.027163555595988
2994, 0.023581376186644
2998, 0.020471594776722
3001, 0.017771914131953
3003, 0.015119687383964
3007, 0.012863270939273
3010, 0.010943595264584
3014, 0.009124198061505
3018, 0.007762530321441
3020, 0.006604073759152
3023, 0.005618501752689
3026, 0.004780013533499
3029, 0.004066658761741
3031, 0.003459762899948
3034, 0.002943438342176
3037, 0.002504168500773
3039, 0.002173932615073
3042, 0.001887246410703
3044, 0.001638366796659
3047, 0.001422308049003
3049, 0.001234741933482
3052, 0.001071910999426
3054, 0.000930553307970
3056, 0.000824323557853
3057, 0.000730220743091
3060, 0.000646860481616
3062, 0.000573016429121
3064, 0.000507602237847
3066, 0.000449655574906
3068, 0.000398323965044
3071, 0.000352852249550
3072, 0.000312571476834
3075, 0.000276889061229
3077, 0.000245280065234
3080, 0.000217279476966
3639, 0.000148468758390
3641, 0.000136942855494
3642, 0.000126311729647
3644, 0.000116505917661
3645, 0.000107461348902
3648, 0.000097136548125
3650, 0.000087803745979
3653, 0.000079367632028
3654, 0.000071742053183
3656, 0.000063552151199
3657, 0.000056297188927
3658, 0.000049870435875
3660, 0.000043293798738
3662, 0.000038351481750
3664, 0.000033973367903
3665, 0.000030095049110
3667, 0.000026126280556
3669, 0.000022680891240
3671, 0.000019689860802
3673, 0.000016751405490
3674, 0.000014251476367
3676, 0.000012124629110
3677, 0.000010108882387
3679, 0.000008428258068
3680, 0.000007027041303
3682, 0.000005858779961
3683, 0.000004884744681
3685, 0.000004072644946
3686, 0.000003464855725
3688, 0.000002947771129
3690, 0.000002507854676
3692, 0.000002133590024
3695, 0.000001815179498
3697, 0.000001544287596
3699, 0.000001313822783
3702, 0.000001117751842
3703, 0.000000950941936
3704, 0.000000809026235
3706, 0.000000688289605
3708, 0.000000585571345
3710, 0.000000498182447
4088, 0.017120220037601
4089, 0.015475322937780
4091, 0.013988466240655
4092, 0.012644465550263
4095, 0.011429595375304
4098, 0.010124819979571
4104, 0.008968994636523
4110, 0.007945115562774
4115, 0.007038120086367
4126, 0.006234665054114
4129, 0.005522930535426
4132, 0.004892445934848
4135, 0.004247257236071
4141, 0.003687152452900
4144, 0.003200911189336
4148, 0.002778792733118
4153, 0.002364094104755
4158, 0.002011283846229
4162, 0.001711125924288
4167, 0.001426647410098
4172, 0.001189464085518
4175, 0.000991713019435
4179, 0.000810301740417
4183, 0.000662075517468
4188, 0.000540963901429
4192, 0.000442006893366
4197, 0.000361151813026
4200, 0.000295087325582
4205, 0.000241107829390
4210, 0.000197002650922
4214, 0.000160965508953
4216, 0.000131520540212
4219, 0.000107461856955
4222, 0.000087804161095
4224, 0.000071742392363
4226, 0.000058618757901
4227, 0.000047895793054
4229, 0.000039134350069
4230, 0.000032628176792
4232, 0.000027203669383
4234, 0.000022680998470
4236, 0.000018910231717
4237, 0.000015766363375
4239, 0.000013413438960
4240, 0.000011411657873
4242, 0.000009708616545
4243, 0.000008259731957
4245, 0.000007027074525
4246, 0.000005978375163
4247, 0.000005189980126
4248, 0.000004505554265
4250, 0.000003911386699
4251, 0.000003395574663
4252, 0.000002947785065
4254, 0.000002559047482
4255, 0.000002221574460
4256, 0.000001967964809
4257, 0.000001743306632
4259, 0.000001544294897
4260, 0.000001368001868
4261, 0.000001211834032
4262, 0.000001073493944
4641, 0.017469620060385
4643, 0.015791152884777
4645, 0.014273951497998
4649, 0.012902521611555
4652, 0.011662857615846
4655, 0.010542299549080
4659, 0.009529403808509
4662, 0.008613826283616
4670, 0.007786216717783
4676, 0.006897360755204
4683, 0.006109974473068
4686, 0.005412474334241
4688, 0.004698707167597
4691, 0.004079067665440
4694, 0.003541142792210
4697, 0.003074156474790
4700, 0.002615378654382
4706, 0.002225067449198
4708, 0.001893005108528
4715, 0.001578288772936
4717, 0.001315894732430
4721, 0.001097124288363
4726, 0.000896430421797
4731, 0.000732448920917
4736, 0.000598464095716
4740, 0.000488988738508
4746, 0.000399539401109
4750, 0.000326452779926
4756, 0.000266735689211
4760, 0.000217942478280
4765, 0.000178074872469
4771, 0.000145500135884
4773, 0.000118884204429
4776, 0.000097137050608
4778, 0.000079368042593
4781, 0.000064849469338
4783, 0.000052986737938
4784, 0.000043294022694
4786, 0.000036096294535
4788, 0.000030095204790
4790, 0.000025091809644
4792, 0.000020920240139
4793, 0.000017442203399
4795, 0.000014839181684
4796, 0.000012624627062
4798, 0.000010740565878
4799, 0.000009137676291
4800, 0.000007773997101
4802, 0.000006613829271
4803, 0.000005741634063
4804, 0.000004984459132
4806, 0.000004327136242
4808, 0.000003756497458
4809, 0.000003261111359
4810, 0.000002831054037
4812, 0.000002507867649
4813, 0.000002221575449
4814, 0.000001967965685
4815, 0.000001743307408
4816, 0.000001544295585
4817, 0.000001368002477
