76, 5.031241103483716
77, 4.367748865854616
79, 3.791754313257795
81, 3.291718735137473
83, 2.800472580594648
85, 2.382538517324116
87, 2.026975670416190
89, 1.724475948063019
97, 1.437777962544811
100, 1.223208325216104
103, 1.040660412008056
108, 0.885355397601180
112, 0.753227634122278
117, 0.640818218697997
123, 0.545184444664983
128, 0.454546310687598
134, 0.378976969320301
140, 0.322419591907824
146, 0.268816613220064
152, 0.224125249695635
155, 0.186863925370596
159, 0.155797379600590
164, 0.132546649579320
169, 0.112765788229191
172, 0.095936962837684
175, 0.081619620481104
179, 0.069438955022483
183, 0.059076095259848
186, 0.051285466699590
190, 0.044522223126388
193, 0.038650878692925
195, 0.033553814675750
199, 0.029128923257847
202, 0.025287562036121
204, 0.022400794160324
207, 0.019843572832226
210, 0.017578277802547
212, 0.015571583460097
215, 0.013793968566115
217, 0.012219281956170
219, 0.010824357820502
222, 0.009784362145957
224, 0.008844288427153
226, 0.007994536242201
228, 0.007226427570097
231, 0.006532118167180
234, 0.005904517458469
236, 0.005337216125779
238, 0.004824420653108
240, 0.004360894160855
905, 0.000002178366751
906, 0.000002009256132
907, 0.000001853273882
908, 0.000001709400820
910, 0.000001576696889
910, 0.000001454295009
912, 0.000001341395411
912, 0.000001237260417
913, 0.000001141209614
914, 0.000001031563104
915, 0.000000932451343
916, 0.000000842862161
918, 0.000000746643023
919, 0.000000661408033
920, 0.000000585903267
922, 0.000000519017945
924, 0.000000450572730
925, 0.000000391153692
927, 0.000000339570507
929, 0.000000288894031
1680, 0.000000152081129
1681, 0.000000146058716
1682, 0.000000137469295
1683, 0.000000129385001
1684, 0.000000119340605
1685, 0.000000107874455
1686, 0.000000097509963
1687, 0.000000088141283
1688, 0.000000079672739
1689, 0.000000072017846
1691, 0.000000065098429
1692, 0.000000058843823
1694, 0.000000053190156
1695, 0.000000048079688
1696, 0.000000043460230
1697, 0.000000039284606
1699, 0.000000035510172
1700, 0.000000032098383
1701, 0.000000029014396
1702, 0.000000026226716
1703, 0.000000023706874
1705, 0.000000021429136
1706, 0.000000019370242
1707, 0.000000017509165
1708, 0.000000015826898
1710, 0.000000014306262
1711, 0.000000012931728
1712, 0.000000011689258
1713, 0.000000010566163
1714, 0.000000009550975
1716, 0.000000008633325
1717, 0.000000007803842
1718, 0.000000007054055
1720, 0.000000006376307
1722, 0.000000005763676
1723, 0.000000005209907
1724, 0.000000004709343
1726, 0.000000004256873
1727, 0.000000003847876
1728, 0.000000003478175
1730, 0.000000003143995
1731, 0.000000002841923
1732, 0.000000002568873
1734, 0.000000002322058
1735, 0.000000002098956
1736, 0.000000001897290
1738, 0.000000001715000
1739, 0.000000001550224
1741, 0.000000001401280
1742, 0.000000001266646
1743, 0.000000001144948
1745, 0.000000001034942
1746, 0.000000000935506
1748, 0.000000000845623
1750, 0.000000000764376
1751, 0.000000000690936
1752, 0.000000000624551
1754, 0.000000000564545
1755, 0.000000000510304
1756, 0.000000000461274
1758, 0.000000000416955
1759, 0.000000000376895
1761, 0.000000000340683
1762, 0.000000000307950
1763, 0.000000000278363
1765, 0.000000000251618
1766, 0.000000000227443
1767, 0.000000000205590
1769, 0.000000000185837
1770, 0.000000000167982
1771, 0.000000000151842
1773, 0.000000000137254
1774, 0.000000000124066
1776, 0.000000000112146
1777, 0.000000000101371
1779, 0.000000000091632
1781, 0.000000000084518
1783, 0.000000000077957
1784, 0.000000000071905
1786, 0.000000000066323
1787, 0.000000000061174
1790, 0.000000000056425
1793, 0.000000000053107
1794, 0.000000000049984
1796, 0.000000000047044
1797, 0.000000000044278
1799, 0.000000000041674
1801, 0.000000000039223
1804, 0.000000000036916
1807, 0.000000000034745
1808, 0.000000000032702
1811, 0.000000000030779
2298, 0.437007531512153
2299, 0.419702033264271
2299, 0.403081832747006
2300, 0.387119792170225
2301, 0.371789848400284
2301, 0.357066970403633
2302, 0.342927118375649
2303, 0.322760260398214
2304, 0.303779375004715
2305, 0.285914717519438
2305, 0.269100644811555
2306, 0.253275374091477
2307, 0.238380755891905
2308, 0.224362060399414
2309, 0.211167776351446
2310, 0.198749421759770
2311, 0.183320138449623
2312, 0.169088658792724
2313, 0.155961995087512
2315, 0.143854378438798
2316, 0.132686698348538
2317, 0.122385985812216
2318, 0.112884936543399
2320, 0.104121471211252
2321, 0.094117563221263
2323, 0.085074822739839
2324, 0.076900901558614
2325, 0.069512324211500
2326, 0.062833635488679
2328, 0.056796629856768
2329, 0.050312861817371
2331, 0.044569265300381
2332, 0.039481344087049
2334, 0.034974247845782
2336, 0.030981670980635
2338, 0.027444877184631
2340, 0.023825598640799
2342, 0.020683610524966
2343, 0.017955970416453
2345, 0.015588036392746
2347, 0.013532372405722
2349, 0.011747798010810
2365, 0.010406697359806
2474, 0.009218693566141
2478, 0.008166309457086
2480, 0.007234063012337
2482, 0.006539020002213
2485, 0.005910756170692
2487, 0.005342855427502
2488, 0.004829518135215
2490, 0.004365501880944
2492, 0.003946067938655
2494, 0.003566932875336
2496, 0.003224224806805
2498, 0.002856154979301
2500, 0.002530103126981
2503, 0.002241272577836
2505, 0.002025932894404
2507, 0.001794657218649
2509, 0.001622227983064
2510, 0.001466365611043
2513, 0.001298968804103
2515, 0.001150681618095
2517, 0.001019322544190
2520, 0.000902959109413
2522, 0.000783881858359
2524, 0.000680507856291
2528, 0.000578950920708
2532, 0.000492550035228
2535, 0.000419043356744
2537, 0.000363782237527
2539, 0.000315808648938
2540, 0.000274161551764
2541, 0.000238006643321
2543, 0.000206619644149
2544, 0.000179371788756
2546, 0.000155717229763
2548, 0.000135182103124
2550, 0.000117355035360
2552, 0.000101878902651
2553, 0.000088443676690
2555, 0.000078347157132
2557, 0.000069403232208
2558, 0.000061480324458
2559, 0.000054461876995
2561, 0.000048244638783
2898, 0.110510451570340
2900, 0.097894841529426
2902, 0.086719399494731
2905, 0.076819719315509
2908, 0.066689159794639
2942, 0.057894562408497
2978, 0.050259747862962
2980, 0.043631770414379
2984, 0.037120296878332
2987, 0.031580575971343
2990, 0.027975412607511
2993, 0.024781806109890
2996, 0.021513718643965
3000, 0.018676608469912
3002, 0.016213640687183
3005, 0.013793965958083
3009, 0.011735396171889
3012, 0.009984041118391
3016, 0.008324171939474
3019, 0.007081897679717
3021, 0.006025016675611
3025, 0.005125861398048
3028, 0.004360893336339
3030, 0.003710086795981
3033, 0.003156404656589
3036, 0.002685352366131
3037, 0.002331222954803
3040, 0.002023794170755
3043, 0.001756907393668
3045, 0.001525216167994
3048, 0.001324079099156
3051, 0.001149466874016
3052, 0.000997881542954
3055, 0.000883965761831
3056, 0.000783054335062
3058, 0.000693662716518
3061, 0.000614475832317
3063, 0.000544328734283
3065, 0.000482189461950
3067, 0.000427143861001
3069, 0.000378382134801
3071, 0.000335186931168
3073, 0.000296922789140
3076, 0.000263026790465
3078, 0.000233000278297
3081, 0.000206401521268
3083, 0.000186570627565
3086, 0.000168645070328
3088, 0.000152441786348
3090, 0.000137795300981
3092, 0.000124556038258
3094, 0.000112588793348
3096, 0.000101771351794
3098, 0.000091993241405
3101, 0.000083154604071
3102, 0.000075165175970
3646, 0.000103848333640
3649, 0.000093870668490
3651, 0.000084851649457
3654, 0.000076699170587
3655, 0.000067943375883
3656, 0.000060187121856
3657, 0.000053316303323
3659, 0.000047229841074
3660, 0.000041838194865
3663, 0.000037062046150
3664, 0.000032831131201
3666, 0.000029083207430
3667, 0.000025247874959
3670, 0.000021918324912
3671, 0.000019027857502
3673, 0.000016188197562
3674, 0.000013772319888
3676, 0.000011716980496
3678, 0.000009769006267
3679, 0.000008144887113
3681, 0.000006790781404
3682, 0.000005661798798
3684, 0.000004720512078
3685, 0.000003935716381
3687, 0.000003348361964
3689, 0.000002848662545
3691, 0.000002423536757
3693, 0.000002061855457
3695, 0.000001754150381
3697, 0.000001492366280
3700, 0.000001269650047
3702, 0.000001080171312
3704, 0.000000918969810
3705, 0.000000781825533
3707, 0.000000665148254
3708, 0.000000565883539
3710, 0.000000481432790
4096, 0.010607850973640
4101, 0.009396883962340
4107, 0.008324158061902
4112, 0.007373891996243
4124, 0.006401463921342
4129, 0.005670688041097
4131, 0.005023335795462
4133, 0.004449883740932
4138, 0.003863057695482
4143, 0.003353619021853
4146, 0.002911362301653
4151, 0.002527427950597
4155, 0.002150242242607
4161, 0.001829346589604
4163, 0.001556340433921
4170, 0.001297595353894
4173, 0.001081867222460
4177, 0.000902004375648
4180, 0.000737003247035
4185, 0.000602185311740
4190, 0.000492029242930
4194, 0.000402023714592
4198, 0.000328482644917
4202, 0.000268394236696
4207, 0.000219297632330
4212, 0.000179182131991
4215, 0.000146404847530
4217, 0.000119623419714
4220, 0.000097741043315
4223, 0.000079861548609
4225, 0.000065252699685
4227, 0.000053316206488
4228, 0.000043563222488
4230, 0.000035594324475
4231, 0.000029676688376
4233, 0.000024742872521
4235, 0.000020629314593
4237, 0.000017199644876
4238, 0.000014632821862
4240, 0.000012449063756
4241, 0.000010591203110
4242, 0.000009010603970
4244, 0.000007665888669
4245, 0.000006521854615
4247, 0.000005661788515
4248, 0.000004915143174
4249, 0.000004266961289
4250, 0.000003704258044
4252, 0.000003215760990
4253, 0.000002791684224
4254, 0.000002423532356
4256, 0.000002146867672
4257, 0.000001901786370
4258, 0.000001684682966
4259, 0.000001492363570
4260, 0.000001321998898
4261, 0.000001171082651
4262, 0.000001037394644
4264, 0.000000937722593
4265, 0.000000847626953
4266, 0.000000766187631
4654, 0.010824357816653
4659, 0.009784362142477
4661, 0.008844288424008
4668, 0.007994536239358
4675, 0.007081899016177
4681, 0.006273446285528
4685, 0.005557284593795
4688, 0.004922878215706
4690, 0.004273676276118
4693, 0.003710087496129
4696, 0.003220821685969
4699, 0.002796077543625
4704, 0.002378799382387
4707, 0.002023794552675
4711, 0.001721769570719
4716, 0.001435521526490
4720, 0.001196862860201
4724, 0.000997881731269
4729, 0.000815342027110
4734, 0.000666193798664
4738, 0.000544328837006
4743, 0.000444756290722
4748, 0.000363398270841
4752, 0.000296922845174
4758, 0.000242607582536
4763, 0.000198228058435
4766, 0.000161966756109
4772, 0.000132338632036
4775, 0.000108130297538
4777, 0.000088350325719
4780, 0.000072188648624
4782, 0.000058983381757
4784, 0.000048193717292
4785, 0.000039377775862
4787, 0.000032831132503
4789, 0.000027372883252
4790, 0.000022822080155
4792, 0.000019027858256
4794, 0.000016188198203
4795, 0.000013772320433
4797, 0.000011716980960
4798, 0.000009968374137
4799, 0.000008480724111
4801, 0.000007215086478
4802, 0.000006263600796
4804, 0.000005437591781
4805, 0.000004720512265
4806, 0.000004097997227
4808, 0.000003557576028
4809, 0.000003088422586
4810, 0.000002735855617
4812, 0.000002423536854
4813, 0.000002146871656
4814, 0.000001901789900
4815, 0.000001684686093
4816, 0.000001492366339
4817, 0.000001322001351
4818, 0.000001194984515
4819, 0.000001080171355
4820, 0.000000976389352
4821, 0.000000882578641
4822, 0.000000797781188
4824, 0.000000721131007
