82, 2.913705021936694
84, 2.478872491374589
86, 2.108933053356687
88, 1.794202258896368
96, 1.495912118163707
100, 1.272666715165676
102, 1.082737781333583
107, 0.921153267510855
111, 0.783683138128623
115, 0.666728635340687
121, 0.567228069044271
128, 0.472925133183067
132, 0.394300271446485
138, 0.335456090740630
145, 0.279685764947929
151, 0.233187380624995
155, 0.194419456753081
159, 0.162096786982441
163, 0.137905952443977
168, 0.117325284933258
171, 0.099816014035088
174, 0.084919773802557
178, 0.072246603437225
182, 0.061464738711521
185, 0.053359109069810
189, 0.046322405014798
192, 0.040213662554742
194, 0.034910507249139
197, 0.030306702721573
200, 0.026310022461115
204, 0.022840402278789
207, 0.020232996334534
210, 0.017923245644996
212, 0.015877170594973
214, 0.014064670601235
217, 0.012459081291466
219, 0.011036782234610
221, 0.009976376991617
224, 0.009017854639440
226, 0.008151426351109
228, 0.007368243802351
231, 0.006660308808838
233, 0.006020391645419
236, 0.005441957213175
238, 0.004919098300285
240, 0.004446475255131
241, 0.004019261455569
243, 0.003707238793332
244, 0.003419439024487
245, 0.003153981681248
247, 0.002909132280006
249, 0.002683290988306
251, 0.002474982171628
252, 0.002282844751678
254, 0.002105623313171
913, 0.000001122945999
914, 0.000001015054242
915, 0.000000917528639
917, 0.000000829373219
918, 0.000000734693947
919, 0.000000650823035
921, 0.000000576526627
922, 0.000000510711720
924, 0.000000443361884
925, 0.000000384893772
927, 0.000000334136111
929, 0.000000284270648
1683, 0.000000125046029
1684, 0.000000115338476
1685, 0.000000104256847
1686, 0.000000094239932
1688, 0.000000085185434
1689, 0.000000077000886
1690, 0.000000069602702
1692, 0.000000062915330
1693, 0.000000056870475
1694, 0.000000051406405
1695, 0.000000046467319
1696, 0.000000042002776
1698, 0.000000037967183
1699, 0.000000034319326
1700, 0.000000031021952
1701, 0.000000028041388
1703, 0.000000025347194
1704, 0.000000022911856
1705, 0.000000020710503
1706, 0.000000018720654
1708, 0.000000016921989
1709, 0.000000015296137
1710, 0.000000013826497
1711, 0.000000012498058
1713, 0.000000011297254
1714, 0.000000010211823
1715, 0.000000009230679
1716, 0.000000008343803
1717, 0.000000007542137
1719, 0.000000006817495
1721, 0.000000006162475
1722, 0.000000005570389
1723, 0.000000005035191
1725, 0.000000004551414
1726, 0.000000004114118
1727, 0.000000003718836
1729, 0.000000003361534
1730, 0.000000003038560
1731, 0.000000002746618
1733, 0.000000002482725
1734, 0.000000002244187
1735, 0.000000002028567
1737, 0.000000001833664
1738, 0.000000001657487
1739, 0.000000001498237
1741, 0.000000001354287
1742, 0.000000001224169
1744, 0.000000001106551
1745, 0.000000001000235
1747, 0.000000000904133
1749, 0.000000000817265
1750, 0.000000000738743
1752, 0.000000000667765
1753, 0.000000000603606
1754, 0.000000000545612
1755, 0.000000000493190
1757, 0.000000000445805
1758, 0.000000000402972
1759, 0.000000000364255
1761, 0.000000000329258
1762, 0.000000000297623
1764, 0.000000000269028
1765, 0.000000000243180
1766, 0.000000000219815
1768, 0.000000000198696
1769, 0.000000000179605
1770, 0.000000000162349
1772, 0.000000000146750
1773, 0.000000000132651
1775, 0.000000000119906
1776, 0.000000000108385
1778, 0.000000000097972
1780, 0.000000000090366
1782, 0.000000000083351
1783, 0.000000000076880
1785, 0.000000000070912
1786, 0.000000000065407
1788, 0.000000000060329
1790, 0.000000000055646
1793, 0.000000000052373
1795, 0.000000000049293
1796, 0.000000000046394
1798, 0.000000000043666
1799, 0.000000000041098
1801, 0.000000000038681
1805, 0.000000000036406
1807, 0.000000000034265
1809, 0.000000000032250
1812, 0.000000000030354
1813, 0.000000000029152
1816, 0.000000000027997
1819, 0.000000000026889
1821, 0.000000000025824
1824, 0.000000000024801
1828, 0.000000000023819
1833, 0.000000000022876
1849, 0.000000000021970
1910, 0.000000000021100
1941, 0.000000000020264
1944, 0.000000000019462
1946, 0.000000000018691
2496, 0.003172096733740
2498, 0.002809977722947
2500, 0.002489197356270
2503, 0.002205036512519
2505, 0.001993178361369
2507, 0.001765641865122
2509, 0.001596000401584
2511, 0.001442657954693
2513, 0.001277967557358
2516, 0.001132077823677
2518, 0.001002842514649
2520, 0.000870593192792
2522, 0.000755784179734
2526, 0.000656115544051
2529, 0.000558198843420
2533, 0.000474894935229
2535, 0.000404023050504
2538, 0.000350742726163
2539, 0.000304488716183
2540, 0.000264334429104
2542, 0.000229475467221
2543, 0.000199213512348
2544, 0.000172942336637
2547, 0.000150135658214
2549, 0.000130336598347
2550, 0.000113148528941
2552, 0.000098227127023
2554, 0.000085273477026
2556, 0.000075538859914
2557, 0.000066915523514
2558, 0.000059276606666
2560, 0.000052509730379
2561, 0.000046515344577
2563, 0.000042046187334
2564, 0.000038006423157
2566, 0.000034354796304
2567, 0.000031054014849
2568, 0.000028070369846
2569, 0.000025373391077
2570, 0.000023403608041
2572, 0.000021586742886
2573, 0.000019910924316
2574, 0.000018365202626
2575, 0.000016939478154
2576, 0.000015624435296
2577, 0.000014411481635
2578, 0.000013292691799
2579, 0.000012260755676
2580, 0.000011308930653
2582, 0.000010430997558
2582, 0.000009621220024
2583, 0.000008874307011
2584, 0.000008185378229
2586, 0.000007549932256
2586, 0.000006963817123
2588, 0.000006423203186
2588, 0.000005924558104
2590, 0.000005464623757
2590, 0.000005040394960
2591, 0.000004649099825
2591, 0.000004288181651
2592, 0.000003955282220
2592, 0.000003648226383
2593, 0.000003365007856
2594, 0.000003103776105
2595, 0.000002862824255
2595, 0.000002640577940
2596, 0.000002435585016
2596, 0.000002246506070
2597, 0.000002072105670
2598, 0.000001911244294
2598, 0.000001762870883
2599, 0.000001626015973
2600, 0.000001499785361
2601, 0.000001383354264
2601, 0.000001275961927
2602, 0.000001176906655
2603, 0.000001085541226
2907, 0.067997925182232
2927, 0.059030735058496
2977, 0.051246088350603
2979, 0.044488037776176
2984, 0.037848777487192
2987, 0.032200340336029
2990, 0.028524426147899
2993, 0.025268145571634
2995, 0.021935922348530
3000, 0.019043134286077
3002, 0.016531831106789
3005, 0.014064670601224
3009, 0.011965701672314
3012, 0.010179976522050
3015, 0.008487532643797
3018, 0.007220878926298
3021, 0.006143256781034
3025, 0.005226455707529
3027, 0.004446475255127
3030, 0.003782896727887
3032, 0.003218348654332
3035, 0.002738052028881
3037, 0.002376972877630
3040, 0.002063510846905
3043, 0.001791386454330
3045, 0.001555148320916
3047, 0.001350063965373
3051, 0.001172024999857
3052, 0.001017464827979
3055, 0.000901313465662
3056, 0.000798421666327
3058, 0.000707275749833
3060, 0.000626534834159
3062, 0.000555011109186
3064, 0.000491652362367
3067, 0.000435526499237
3069, 0.000385807831013
3071, 0.000341764927581
3073, 0.000302749857144
3075, 0.000268188654259
3078, 0.000237572876009
3080, 0.000210452122113
3083, 0.000190232049908
3085, 0.000171954706130
3088, 0.000155433434979
3090, 0.000140499514395
3091, 0.000127000433002
3094, 0.000114798332593
3095, 0.000103768600269
3098, 0.000093798595838
3100, 0.000084786501489
3102, 0.000076640281983
3104, 0.000069276744757
3105, 0.000063898663593
3108, 0.000058938092764
3110, 0.000054362620177
3115, 0.000050142349945
3116, 0.000046249707057
3117, 0.000042659257199
3117, 0.000039347540570
3654, 0.000069276744680
3656, 0.000061368276446
3657, 0.000054362620116
3658, 0.000048156712834
3660, 0.000042659257151
3662, 0.000037789377921
3664, 0.000033475432509
3665, 0.000029653956834
3667, 0.000025743357089
3670, 0.000022348465601
3671, 0.000019401273617
3673, 0.000016505886184
3674, 0.000014042597620
3676, 0.000011946922797
3677, 0.000009960720146
3679, 0.000008304728131
3680, 0.000006924048494
3682, 0.000005772909937
3684, 0.000004813150741
3685, 0.000004012953659
3686, 0.000003414072584
3689, 0.000002904566711
3691, 0.000002471097955
3693, 0.000002102318765
3695, 0.000001788575067
3697, 0.000001521653530
3700, 0.000001294566557
3702, 0.000001101369357
3704, 0.000000937004323
3705, 0.000000797168630
3707, 0.000000678201593
3708, 0.000000576988837
3710, 0.000000490880767
4121, 0.006660257318032
4128, 0.005899938199773
4131, 0.005226415301837
4133, 0.004629780174363
4136, 0.004019230382684
4143, 0.003489196519209
4145, 0.003029060588841
4150, 0.002629604838924
4154, 0.002237170560959
4160, 0.001903301988472
4162, 0.001619258952599
4169, 0.001350053528038
4172, 0.001125604107758
4176, 0.000938469905888
4179, 0.000766798240183
4184, 0.000626529990423
4189, 0.000511920617874
4193, 0.000418276416150
4198, 0.000341762285398
4201, 0.000279244669819
4206, 0.000228163226177
4212, 0.000186425967641
4214, 0.000152323588657
4217, 0.000124459462139
4219, 0.000101692442074
4222, 0.000083090129085
4225, 0.000067890684996
4226, 0.000055471632551
4228, 0.000045324362511
4229, 0.000037033304097
4231, 0.000030876434415
4233, 0.000025743158096
4234, 0.000021463300453
4236, 0.000017894978721
4237, 0.000015224386185
4239, 0.000012952344808
4241, 0.000011019376018
4242, 0.000009374877648
4244, 0.000007975799244
4245, 0.000006785515073
4246, 0.000005890678891
4247, 0.000005113848753
4249, 0.000004439462676
4250, 0.000003854010903
4251, 0.000003345765270
4253, 0.000002904544259
4254, 0.000002521509034
4255, 0.000002188986375
4257, 0.000001939096902
4257, 0.000001717734216
4259, 0.000001521641768
4260, 0.000001347934766
4261, 0.000001194057743
4262, 0.000001057746954
4263, 0.000000956119469
4265, 0.000000864256272
4266, 0.000000781219218
4267, 0.000000706160298
4674, 0.007368243794712
4679, 0.006527102625894
4684, 0.005781984130265
4687, 0.005121926588072
4689, 0.004446475250521
4692, 0.003860098697927
4695, 0.003351050240523
4698, 0.002909132276990
4702, 0.002474982169062
4706, 0.002105623310988
4710, 0.001791386452474
4716, 0.001493564445861
4719, 0.001245256014334
4723, 0.001038229415230
4728, 0.000848309022495
4733, 0.000693130234118
4737, 0.000566337865929
4742, 0.000462739269762
4747, 0.000378091674001
4752, 0.000308928425337
4758, 0.000252417015617
4762, 0.000206243079457
4766, 0.000168515611833
4772, 0.000137689523965
4774, 0.000112502365825
4777, 0.000091922623826
4779, 0.000075107476266
4781, 0.000061368276451
4783, 0.000050142349894
4785, 0.000040969950571
4787, 0.000034158604604
4789, 0.000028479660146
4790, 0.000023744852913
4792, 0.000019797217978
4793, 0.000016842741006
4795, 0.000014329181247
4796, 0.000012190737548
4798, 0.000010371428724
4799, 0.000008823628050
4800, 0.000007506816470
4802, 0.000006516859051
4803, 0.000005657451739
4805, 0.000004911378307
4806, 0.000004263692912
4808, 0.000003701420683
4809, 0.000003213297804
4810, 0.000002789545870
4812, 0.000002471097955
4813, 0.000002189003296
4814, 0.000001939111891
4815, 0.000001717747494
4816, 0.000001521653530
4817, 0.000001347945186
4818, 0.000001218435687
4819, 0.000001101369357
4820, 0.000000995550666
4821, 0.000000899898952
4822, 0.000000813437377
4823, 0.000000735282962
