89, 1.677407622968946
98, 1.398534851830413
101, 1.189821737729211
105, 1.012256337924016
109, 0.843966456446209
113, 0.718015453443816
119, 0.610860997432292
125, 0.509303989581765
130, 0.424631061557753
136, 0.361260405412986
142, 0.301200054559308
149, 0.251124871442302
153, 0.209374799580241
157, 0.174565770596475
162, 0.145543820579336
166, 0.123823300714177
171, 0.105344285581646
173, 0.089623022813160
177, 0.076247953781441
180, 0.064868939624775
184, 0.055188095146849
188, 0.047910194528229
191, 0.041592063172773
194, 0.036107132020694
196, 0.031345523239475
200, 0.027211849077167
203, 0.023623300990745
206, 0.020926521193508
208, 0.018537599357258
211, 0.016421391150137
214, 0.014546764233536
216, 0.012886140262503
219, 0.011415089170283
221, 0.010111969768378
223, 0.009140419770250
225, 0.008262215521811
228, 0.007468388437809
231, 0.006750831627516
233, 0.006102217103807
235, 0.005515920946720
237, 0.004985955657245
239, 0.004506909010506
241, 0.004073888783882
243, 0.003757625301634
244, 0.003465913935437
245, 0.003196848659348
247, 0.002948671415721
249, 0.002719760628163
251, 0.002508620606239
252, 0.002313871772715
254, 0.002134241649475
255, 0.001968556543222
256, 0.001852789670028
257, 0.001743830815113
258, 0.001641279612538
259, 0.001544759241084
261, 0.001453915039634
263, 0.001368413203983
264, 0.001287939560283
266, 0.001212198410622
266, 0.001140911446490
268, 0.001073816726145
270, 0.001010667712114
271, 0.000951232365300
273, 0.000895292292361
917, 0.000000791842050
918, 0.000000701447247
920, 0.000000621371699
921, 0.000000550437385
923, 0.000000477848749
924, 0.000000414832700
926, 0.000000360126859
928, 0.000000306382615
1684, 0.000000113992789
1685, 0.000000103040452
1687, 0.000000093140408
1688, 0.000000084191552
1689, 0.000000076102494
1690, 0.000000068790627
1692, 0.000000062181279
1693, 0.000000056206951
1694, 0.000000050806632
1695, 0.000000045925171
1697, 0.000000041512717
1698, 0.000000037524209
1699, 0.000000033918913
1700, 0.000000030660010
1702, 0.000000027714221
1703, 0.000000025051461
1704, 0.000000022644536
1705, 0.000000020468867
1707, 0.000000018502235
1708, 0.000000016724555
1709, 0.000000015117673
1710, 0.000000013665179
1711, 0.000000012352240
1713, 0.000000011165446
1714, 0.000000010092679
1715, 0.000000009122982
1716, 0.000000008246454
1718, 0.000000007454141
1719, 0.000000006737953
1721, 0.000000006090576
1722, 0.000000005505398
1724, 0.000000004976444
1725, 0.000000004498311
1726, 0.000000004066117
1728, 0.000000003675448
1729, 0.000000003322314
1730, 0.000000003003108
1732, 0.000000002714572
1733, 0.000000002453758
1734, 0.000000002218003
1736, 0.000000002004899
1737, 0.000000001812270
1738, 0.000000001638149
1740, 0.000000001480757
1741, 0.000000001338487
1742, 0.000000001209886
1744, 0.000000001093641
1745, 0.000000000988565
1747, 0.000000000893584
1749, 0.000000000807729
1750, 0.000000000730123
1752, 0.000000000659974
1753, 0.000000000596564
1755, 0.000000000539247
1756, 0.000000000487436
1757, 0.000000000440604
1758, 0.000000000398271
1760, 0.000000000360005
1761, 0.000000000325416
1762, 0.000000000294151
1764, 0.000000000265889
1765, 0.000000000240342
1767, 0.000000000217251
1768, 0.000000000196377
1769, 0.000000000177509
1771, 0.000000000160455
1772, 0.000000000145038
1773, 0.000000000131103
1775, 0.000000000118507
1776, 0.000000000107121
1778, 0.000000000096829
1780, 0.000000000089312
1782, 0.000000000082378
1784, 0.000000000075983
1785, 0.000000000070084
1787, 0.000000000064644
1788, 0.000000000059625
1790, 0.000000000054996
1794, 0.000000000051762
1795, 0.000000000048718
1796, 0.000000000045853
1798, 0.000000000043157
1799, 0.000000000040619
1802, 0.000000000038230
1805, 0.000000000035982
1808, 0.000000000033866
1810, 0.000000000031874
1812, 0.000000000030000
1813, 0.000000000028812
1817, 0.000000000027671
1819, 0.000000000026575
1822, 0.000000000025523
1825, 0.000000000024512
1829, 0.000000000023541
1835, 0.000000000022609
1866, 0.000000000021714
1926, 0.000000000020854
1943, 0.000000000020028
1945, 0.000000000019235
1947, 0.000000000018473
1948, 0.000000000018104
1950, 0.000000000017742
1951, 0.000000000017387
1952, 0.000000000017039
1953, 0.000000000016698
1954, 0.000000000016364
1955, 0.000000000016037
1955, 0.000000000015716
1956, 0.000000000015402
1956, 0.000000000015094
1957, 0.000000000014792
1957, 0.000000000014496
1957, 0.000000000014206
1958, 0.000000000013922
2506, 0.001929146270268
2508, 0.001708919525089
2510, 0.001544727898786
2512, 0.001396311673110
2514, 0.001236912056936
2516, 0.001095709121435
2518, 0.000970625576867
2521, 0.000842624846500
2523, 0.000731504144195
2526, 0.000635037425251
2530, 0.000540266359359
2533, 0.000459638640888
2536, 0.000399024040222
2538, 0.000346402957696
2539, 0.000300721252368
2540, 0.000261063797570
2542, 0.000226636148477
2543, 0.000196748627250
2545, 0.000170802506947
2547, 0.000148278017423
2549, 0.000128723932944
2551, 0.000111748532929
2553, 0.000097011754738
2554, 0.000084218381313
2556, 0.000074604211415
2557, 0.000066087572262
2558, 0.000058543172359
2560, 0.000051860023185
2561, 0.000045939806410
2563, 0.000041525946415
2564, 0.000037536166571
2566, 0.000033929721596
2567, 0.000030669780980
2568, 0.000027723052861
2570, 0.000025059444032
2570, 0.000023114033283
2572, 0.000021319648349
2573, 0.000019664564820
2574, 0.000018137968470
2575, 0.000016729884604
2576, 0.000015431112879
2577, 0.000014233167193
2579, 0.000013128220235
2580, 0.000012109052342
2581, 0.000011169004328
2582, 0.000010301933971
2583, 0.000009502175881
2584, 0.000008764504484
2585, 0.000008084099874
2586, 0.000007456516326
2587, 0.000006877653244
2588, 0.000006343728367
2589, 0.000005851253062
2590, 0.000005397009520
2590, 0.000004978029741
2591, 0.000004591576132
2592, 0.000004235123629
2592, 0.000003906343189
2593, 0.000003603086579
2594, 0.000003323372339
2594, 0.000003065372829
2595, 0.000002827402296
2595, 0.000002607905853
2596, 0.000002405449323
2596, 0.000002218709866
2597, 0.000002046467337
2598, 0.000001887596312
2599, 0.000001741058737
2599, 0.000001605897144
2600, 0.000001481228394
2601, 0.000001366237908
2601, 0.000001260174345
2602, 0.000001162344692
2603, 0.000001072109735
2982, 0.040760221909177
2985, 0.034677289592555
2989, 0.030104240519088
2991, 0.026667612095532
2995, 0.023150834970850
2998, 0.020097830954176
3001, 0.017447440214196
3004, 0.014843636972945
3007, 0.012628417457209
3011, 0.010743790606320
3014, 0.008957611374814
3018, 0.007620804528350
3020, 0.006483498695044
3023, 0.005515920946701
3027, 0.004692741576937
3029, 0.003992411008190
3032, 0.003396595656717
3034, 0.002889697987397
3037, 0.002458448194106
3039, 0.002134241649468
3042, 0.001852789670021
3044, 0.001608454020281
3047, 0.001396340004060
3050, 0.001212198410618
3052, 0.001052340391619
3054, 0.000913563563631
3056, 0.000809273322277
3058, 0.000716888606576
3060, 0.000635050310064
3062, 0.000562554478635
3064, 0.000498334598720
3066, 0.000441445907397
3068, 0.000391051493631
3071, 0.000346409986159
3073, 0.000306864646894
3075, 0.000271833709407
3078, 0.000240801820341
3080, 0.000213312457847
3082, 0.000192817566864
3084, 0.000174291808677
3088, 0.000157545990575
3090, 0.000142409097333
3091, 0.000128726544733
3094, 0.000116358600884
3095, 0.000105178959226
3097, 0.000095073448630
3099, 0.000085938867440
3101, 0.000077681929533
3104, 0.000070218311640
3105, 0.000064767134906
3108, 0.000059739143052
3110, 0.000055101483456
3113, 0.000050823853909
3116, 0.000046878304614
3117, 0.000043239055571
3117, 0.000039882328127
3118, 0.000036786189611
3119, 0.000034622867372
3119, 0.000032586765788
3120, 0.000030670403266
3120, 0.000028866738190
3120, 0.000027169143051
3121, 0.000025571380086
3122, 0.000024067578366
3122, 0.000022652212218
3123, 0.000021320080921
3124, 0.000020066289603
3124, 0.000018886231244
3125, 0.000017775569757
3125, 0.000016730224050
3126, 0.000015746353035
3127, 0.000014820341505
3127, 0.000013948786862
3128, 0.000013128486604
3129, 0.000012356426564
3129, 0.000011629769831
3130, 0.000010945846326
3131, 0.000010302142996
3131, 0.000009696294570
3132, 0.000009126074879
3132, 0.000008589388668
3133, 0.000008084263899
3134, 0.000007608844508
3134, 0.000007161383580
3135, 0.000006740236934
3135, 0.000006343857081
3136, 0.000005970787533
3137, 0.000005619657460
3137, 0.000005289176644
3138, 0.000004978130744
3138, 0.000004685376831
3139, 0.000004409839191
3140, 0.000004150505368
3140, 0.000003906422448
3141, 0.000003676693557
3141, 0.000003460474562
3142, 0.000003256970974
3143, 0.000003065435025
3143, 0.000002885162922
3144, 0.000002715492261
3144, 0.000002555799592
3145, 0.000002405498130
3146, 0.000002264035596
3147, 0.000002130892190
3147, 0.000002005578682
3660, 0.000044121485277
3662, 0.000039084681565
3663, 0.000034622867373
3665, 0.000030670403266
3667, 0.000026625760190
3669, 0.000023114502263
3671, 0.000020066289603
3672, 0.000017071657194
3674, 0.000014523934675
3675, 0.000012356426564
3677, 0.000010302142996
3679, 0.000008589388668
3680, 0.000007161383580
3682, 0.000005970787533
3683, 0.000004978130744
3685, 0.000004150505368
3686, 0.000003531096492
3688, 0.000003004126324
3690, 0.000002555799592
3692, 0.000002174379786
3695, 0.000001849881919
3697, 0.000001573811133
3699, 0.000001338940316
3701, 0.000001139120911
3703, 0.000000969121949
3704, 0.000000824493119
3706, 0.000000701448258
3708, 0.000000596766240
3709, 0.000000507706650
3711, 0.000000431938044
4134, 0.004328337853612
4140, 0.003757540607238
4144, 0.003262016943355
4147, 0.002831840198410
4152, 0.002409224926668
4157, 0.002049679480691
4161, 0.001743791510317
4166, 0.001453882269348
4172, 0.001212171088470
4174, 0.001010644932331
4178, 0.000825770491626
4183, 0.000674714613438
4188, 0.000551290963050
4191, 0.000450444854591
4196, 0.000368046241688
4200, 0.000300720575761
4205, 0.000245710604926
4209, 0.000200763453649
4213, 0.000164038358593
4216, 0.000134031282093
4219, 0.000109513315870
4221, 0.000089480352390
4224, 0.000073111962688
4226, 0.000059737796571
4227, 0.000048810129121
4229, 0.000039881429206
4230, 0.000033251052351
4232, 0.000027722990486
4234, 0.000023113981277
4235, 0.000019271230164
4237, 0.000016067345023
4239, 0.000013669503016
4240, 0.000011629507703
4241, 0.000009893955125
4243, 0.000008417411167
4244, 0.000007161222167
4246, 0.000006092503016
4247, 0.000005289057430
4248, 0.000004591565802
4250, 0.000003986055510
4251, 0.000003460396565
4252, 0.000003004058613
4254, 0.000002607899986
4255, 0.000002263984566
4256, 0.000002005533478
4257, 0.000001776586551
4258, 0.000001573775660
4260, 0.000001394117178
4261, 0.000001234968080
4262, 0.000001093987064
4263, 0.000000969100106
4264, 0.000000875989740
4266, 0.000000791825343
4266, 0.000000715747395
4688, 0.004788511792540
4690, 0.004157029353357
4694, 0.003608823324106
4696, 0.003132911672632
4700, 0.002665365404090
4705, 0.002267594327469
4708, 0.001929185404027
4714, 0.001608454013341
4717, 0.001341044934113
4721, 0.001118093212732
4726, 0.000913563559689
4731, 0.000746447941985
4736, 0.000609902315153
4740, 0.000498334596570
4745, 0.000407175647588
4750, 0.000332692149271
4755, 0.000271833708235
4760, 0.000222107930994
4765, 0.000181478350609
4771, 0.000148281025322
4773, 0.000121156393568
4776, 0.000098993594565
4778, 0.000080884974175
4781, 0.000066088912884
4782, 0.000053999453554
4784, 0.000044121485086
4786, 0.000036786189452
4788, 0.000030670403133
4790, 0.000025571379976
4791, 0.000021320080830
4793, 0.000017775569680
4794, 0.000015122797389
4796, 0.000012865916817
4797, 0.000010945846279
4799, 0.000009312321265
4800, 0.000007922578587
4801, 0.000006740236905
4803, 0.000005851371758
4804, 0.000005079725227
4806, 0.000004409839172
4807, 0.000003828293982
4809, 0.000003323439755
4810, 0.000002885162909
4811, 0.000002555799581
4813, 0.000002264035586
4813, 0.000002005578674
4814, 0.000001776626587
4815, 0.000001573811126
4817, 0.000001394148595
4818, 0.000001234995911
4819, 0.000001116338488
4820, 0.000001009081575
4821, 0.000000912129821
4822, 0.000000824493115
4823, 0.000000745276473
