100 428010 12562
200 384290 8894
300 385100 10405
400 294970 6327
500 294850 6159
600 393990 10075
700 376100 6086
800 380890 5803
900 367230 9955
1000 294310 5745
1100 384870 5836
1200 386640 6098
1300 376960 7938
1400 363020 6036
1500 393140 5755
1600 394540 5846
1700 402940 5927
1800 327680 7912
1900 381560 7952
2000 325830 5914
2100 347720 5943
2200 351820 5899
2300 357980 5938
2400 375960 5997
2500 375080 5870
2600 364760 5938
2700 366880 6072
2800 378640 6048
2900 378490 6009
3000 402770 5805
3100 401610 5841
3200 402310 5852
3300 401360 5888
3400 402380 5896
3500 401700 7852
3600 368670 7876
3700 367000 7940
3800 376500 7976
3900 392850 7984
